100 5 2.5 L

P: [ 54 39 82 31 99 25 25 67 27 21 73 6 21 98 71 99 55 79 77 15 42 14 33 88 35 76 35 17 23 92 96 74 31 77 5 30 2 28 96 26 48 69 30 66 65 1 65 20 79 40 35 19 52 65 5 86 42 39 4 62 31 97 36 61 72 41 88 73 68 84 97 14 52 27 79 17 27 42 35 5 82 67 23 34 30 28 20 71 64 21 33 93 17 67 54 88 6 43 62 73 ]

D: [ 11997 1495 9571 3715 11854 2750 178 11202 5209 11073 3182 2918 948 11143 3368 477 2303 10421 6338 8205 8519 6182 8180 2880 4686 4365 5915 6476 7234 8884 12038 6389 9783 8767 10105 9391 10921 9687 7751 3885 8514 10934 6803 8866 9235 9576 9343 10942 7155 2839 6901 3428 8426 2836 5713 866 7201 11628 7343 2189 7670 6539 8578 5207 2465 5841 2352 1140 2686 9507 4429 11200 8195 11233 7224 5184 8563 3726 3880 3472 6565 10186 6304 2149 776 11421 2420 7381 10207 9167 8974 5631 2864 4710 10838 5329 9956 348 5874 396 ]

F: [ 2 4 2 1 5 1 4 3 3 3 1 2 1 1 5 3 5 2 1 1 3 3 5 3 2 5 4 4 5 3 2 3 4 3 4 3 1 4 3 5 1 3 1 2 5 3 4 5 4 2 5 4 1 1 1 2 2 1 5 4 4 4 1 2 1 1 1 1 4 3 3 5 3 5 1 2 2 1 3 1 2 4 1 3 5 1 4 3 3 1 1 1 4 2 4 1 2 5 4 3 ]

S: [ 0 91 70 57 80 
51 0 82 59 59 
84 76 0 100 92 
59 61 89 0 100 
51 88 56 88 0 ]

A: [ 2 2 8 3 7 1 6 6 6 1 4 3 8 2 8 3 6 7 8 1 9 2 9 5 6 6 4 7 5 7 7 7 6 5 9 3 3 3 7 7 1 8 9 6 1 7 9 6 5 5 6 2 7 3 4 1 8 5 8 4 2 5 8 8 7 7 8 7 1 5 4 8 2 3 5 2 8 4 5 1 8 9 2 5 2 5 6 8 9 4 9 8 6 7 6 3 2 5 9 9 ]

B: [ 13 8 6 4 5 14 2 4 8 4 2 6 5 8 9 6 1 7 5 14 5 11 11 5 6 1 2 5 1 9 5 12 2 10 1 5 7 1 6 14 4 6 6 8 13 12 11 14 4 14 11 8 8 5 10 14 4 11 2 4 3 6 13 3 14 12 7 6 12 10 4 13 1 9 4 12 4 12 9 7 11 3 12 5 8 7 2 9 1 3 10 1 6 9 3 5 6 7 9 1 ]


----------


