100 3 1.5 M

P: [ 72 22 4 3 62 49 8 40 7 21 63 87 41 20 83 46 44 60 36 3 64 71 64 57 84 47 36 98 4 66 91 73 85 92 75 47 41 82 86 45 2 50 30 42 67 14 86 11 71 22 12 33 91 75 89 73 21 23 69 24 88 60 96 73 52 70 21 90 52 5 36 51 52 63 93 18 76 77 28 45 98 37 77 87 13 64 60 33 86 27 54 72 86 48 44 36 18 64 25 68 ]

D: [ 4563 4043 2114 1631 1502 1550 743 1716 6712 7484 7406 312 3715 7541 7744 652 3427 1466 2882 6167 580 1971 2669 7320 5342 6895 6420 1303 5458 3575 2058 3772 7618 4172 5403 1280 5723 7737 4587 6185 1130 4152 6497 4845 5443 151 5497 1030 1617 2129 947 3788 4100 5207 4858 3193 5853 5029 6087 3470 763 304 992 541 4476 145 1821 3949 41 158 2294 1172 5901 2541 7608 3504 2692 6856 6125 5900 2735 7072 3439 586 4438 2047 3779 2450 7076 2025 7512 1590 2329 2254 3722 555 2400 5543 6096 4032 ]

F: [ 2 1 2 1 2 2 3 1 1 3 2 3 2 1 3 2 3 3 2 2 1 2 2 1 1 1 1 3 2 3 2 3 3 2 2 2 3 1 3 1 2 2 1 3 2 1 2 1 3 2 1 2 3 2 2 1 1 3 3 2 2 3 3 2 2 1 2 2 2 1 2 3 2 2 1 2 3 2 3 1 3 3 2 1 3 1 1 3 1 2 2 3 1 2 3 2 2 1 3 2 ]

S: [ 0 78 76 
73 0 57 
72 85 0 ]

A: [ 5 1 7 7 2 7 2 6 1 4 3 9 3 7 7 4 1 1 3 3 6 8 9 3 4 1 8 3 7 2 7 9 9 2 5 1 7 6 6 7 9 7 6 2 4 1 3 2 1 3 4 4 9 1 4 3 2 2 3 6 2 8 6 1 7 8 2 4 4 5 9 3 2 5 2 4 6 2 5 4 5 7 6 2 7 9 4 6 9 5 3 1 3 6 1 9 4 9 4 7 ]

B: [ 1 13 3 2 1 2 13 6 2 11 14 14 1 13 13 3 5 10 9 1 2 5 5 6 6 8 6 6 12 9 1 10 7 1 10 6 2 8 11 1 2 8 1 2 4 13 3 9 6 11 7 7 13 12 12 4 3 2 7 14 10 5 8 1 3 3 4 4 8 12 2 10 6 2 9 9 1 11 1 4 5 8 11 3 3 6 4 5 5 10 2 1 12 7 13 14 9 14 1 1 ]


----------


