100 3 0.5 S

P: [ 67 5 55 78 63 69 93 74 78 90 96 43 22 29 64 5 38 80 28 63 65 77 13 95 52 9 20 70 34 84 82 98 87 37 77 50 5 70 22 82 58 16 23 79 42 87 82 80 65 10 43 28 86 53 21 36 61 39 6 92 23 88 89 10 23 66 57 25 36 78 8 93 92 28 70 34 13 52 14 77 60 54 3 44 7 24 78 66 62 83 56 82 69 45 90 92 11 45 17 44 ]

D: [ 776 297 2545 1464 1766 1410 2277 1268 2047 1134 1792 1788 2111 208 2100 1411 1602 2531 1806 1562 898 350 943 2032 690 2199 2109 878 1772 395 1960 1331 693 645 1578 1242 2055 2639 2510 1460 1130 442 2031 2024 651 271 792 1036 1585 1381 2599 2484 1732 2325 1873 2422 664 1339 2083 1219 517 1400 2551 2636 829 269 1235 241 1691 1103 484 1604 1545 1299 986 979 353 1778 2016 1939 1943 755 1780 1032 437 2436 2237 1101 2558 1677 2320 432 1861 1011 426 1473 64 1661 497 1755 ]

F: [ 3 2 1 2 3 1 3 3 3 3 1 2 2 2 3 2 3 3 3 2 2 3 3 1 1 1 1 2 1 3 1 1 2 2 2 2 2 2 2 2 2 2 2 1 2 2 1 1 2 3 1 1 2 3 2 3 1 2 2 1 1 2 2 1 3 1 2 2 3 3 1 2 3 3 2 2 1 2 2 3 2 2 3 1 2 1 3 2 3 2 3 2 1 2 2 1 3 1 3 2 ]

S: [ 0 19 9 
15 0 2 
16 16 0 ]

A: [ 2 1 1 4 9 3 7 4 3 6 7 7 2 8 3 8 9 9 3 2 4 2 2 7 1 1 4 6 4 7 8 3 7 6 5 6 8 9 9 8 5 5 3 4 3 5 9 9 3 1 1 4 9 9 1 1 1 3 6 2 9 2 3 4 7 5 9 3 4 7 9 6 9 2 8 2 5 7 8 5 7 6 8 7 5 7 7 3 9 1 3 6 1 5 9 7 7 6 8 8 ]

B: [ 4 14 4 4 13 4 3 7 14 13 11 8 5 5 2 5 3 13 7 9 5 3 10 8 12 5 4 3 2 7 10 4 6 14 7 3 1 8 9 14 6 6 6 11 8 7 1 10 4 5 2 8 6 11 1 3 1 4 4 14 11 13 3 14 10 8 14 9 1 9 6 4 12 9 12 5 2 12 12 3 1 13 10 6 7 10 8 5 11 9 4 7 8 7 5 1 12 4 9 12 ]


----------


