100 5 3.5 S

P: [ 14 67 90 93 70 53 88 17 65 71 23 56 69 62 23 34 50 22 60 18 68 58 5 51 70 22 70 35 3 15 34 14 81 22 8 51 72 93 65 38 65 85 91 32 47 14 63 96 33 21 14 1 78 16 51 49 37 19 81 38 33 14 51 12 35 56 62 6 50 25 43 13 10 34 42 56 45 3 50 77 23 61 77 1 77 26 47 14 45 27 49 75 40 1 87 72 54 47 75 2 ]

D: [ 15332 1472 14993 3264 1896 15547 10170 5979 13165 5308 7921 8744 5876 7932 12967 12604 12443 4244 6620 12197 2996 14697 427 12873 11788 3775 8409 3142 927 13976 11778 1896 1086 12408 5160 4258 13593 967 10238 11119 6276 3796 4225 13428 13005 1553 11669 9809 7073 3926 7643 11346 4260 9346 8580 409 13122 1350 4828 15325 964 2243 1582 3326 14651 8018 8860 12605 8986 3459 8086 899 8532 13587 15603 5898 777 11633 1344 9126 15559 8987 4833 4181 3970 13414 5866 1453 401 11970 2415 2641 14213 3997 5967 13226 13292 14828 11468 7915 ]

F: [ 5 5 4 2 5 2 3 4 4 5 1 4 4 5 4 5 3 2 3 1 2 5 1 5 3 2 5 3 3 3 1 2 5 1 1 1 2 5 5 5 2 5 1 5 1 1 1 1 4 4 1 1 3 1 2 5 4 3 3 1 2 5 5 1 1 5 4 4 4 3 4 2 4 1 4 4 1 4 1 5 2 1 2 4 2 3 4 5 5 3 3 1 2 2 4 4 3 2 3 3 ]

S: [ 0 16 13 10 6 
18 0 18 16 13 
6 2 0 12 3 
7 15 16 0 10 
2 6 15 3 0 ]

A: [ 7 1 5 7 6 1 3 5 3 4 6 8 3 2 2 2 5 6 3 5 4 7 7 2 9 4 2 5 5 3 8 2 1 1 8 6 1 9 1 3 3 5 1 4 6 9 5 9 5 5 2 7 1 8 6 9 2 7 4 4 8 9 6 8 9 2 5 9 8 3 9 9 5 7 3 2 6 5 8 9 1 9 6 8 5 9 7 4 6 8 8 4 8 2 1 7 3 3 5 2 ]

B: [ 14 4 3 5 10 6 3 1 12 5 2 1 3 11 5 13 1 9 4 1 12 12 4 4 3 14 3 7 5 5 13 5 7 13 9 2 4 11 14 13 1 2 12 3 10 2 13 11 9 14 9 4 12 10 7 12 10 7 4 14 12 14 4 2 12 10 1 13 6 14 12 4 13 9 4 7 8 2 1 14 14 7 3 9 2 7 6 9 14 10 9 9 9 10 8 7 4 8 5 9 ]


----------


