100 4 3.5 S

P: [ 23 52 27 88 19 83 8 67 19 74 33 28 12 14 61 69 61 23 26 85 81 91 72 38 45 93 78 69 85 35 88 6 84 16 94 1 96 99 66 15 73 98 40 82 13 98 51 73 19 74 56 99 66 26 35 9 19 11 78 2 45 64 8 29 77 2 28 73 98 93 85 71 89 25 53 2 21 2 72 39 75 27 38 39 52 70 46 69 81 24 70 24 85 77 51 63 76 78 36 74 ]

D: [ 16153 9836 10602 17315 10447 5476 11640 16592 6607 516 17613 17836 16178 12968 17514 1778 15563 8635 7622 17341 10092 12610 9689 11654 3317 6213 4924 8298 9466 15600 11128 7149 11748 3260 10776 3726 8737 8728 6630 1656 9245 10555 1022 11735 9835 4849 13513 6929 13484 7447 10582 5107 6370 1801 16761 9687 8014 7997 17985 3792 5127 10643 15723 16876 216 8030 6914 8953 16758 18326 15391 12315 10411 2726 5581 1777 7575 5406 8706 2589 12854 5600 7696 754 7402 10769 15223 1728 5078 14738 5521 14988 11694 2774 13394 11910 15586 6620 7175 13875 ]

F: [ 3 3 1 2 3 2 3 4 3 1 2 3 2 2 1 2 4 4 2 4 2 3 4 4 4 2 4 4 4 3 1 2 2 2 4 4 3 2 4 1 3 1 3 4 2 3 1 1 2 2 1 4 1 4 3 4 2 3 3 1 1 4 3 2 1 2 2 3 3 1 4 1 1 2 4 2 1 4 3 2 2 3 1 2 2 4 1 3 2 3 4 2 2 2 4 2 3 1 1 1 ]

S: [ 0 1 4 18 
13 0 1 1 
14 9 0 13 
12 15 2 0 ]

A: [ 3 3 1 7 8 3 2 8 6 1 4 3 1 4 6 9 3 6 2 5 4 6 5 8 9 4 2 1 1 3 3 1 6 3 7 2 3 9 8 9 7 2 2 8 5 5 5 7 9 6 9 1 2 2 8 9 5 8 9 3 1 3 4 4 3 8 6 6 7 4 5 3 3 4 1 7 6 3 2 5 9 8 6 8 9 2 7 2 9 5 5 8 7 6 9 7 4 5 3 9 ]

B: [ 12 4 12 8 13 13 3 13 9 2 4 1 10 4 6 4 2 12 3 12 14 4 5 4 5 9 1 2 10 4 8 6 8 3 11 6 13 14 2 8 1 6 8 9 7 11 12 8 9 14 4 8 3 8 10 5 2 10 5 10 11 12 13 4 1 9 8 13 6 9 6 5 12 12 13 3 8 10 10 14 8 11 6 8 3 1 11 2 8 1 11 4 10 7 6 10 14 11 7 5 ]


----------


