100 2 1.5 L

P: [ 7 84 82 88 34 70 53 41 7 21 87 5 57 70 21 46 76 59 37 25 77 32 41 83 8 46 20 10 43 34 56 49 16 36 36 48 6 88 88 11 7 75 13 64 45 33 8 21 89 45 44 66 76 84 47 81 28 66 91 71 97 45 18 14 80 53 61 83 40 49 91 46 22 4 10 64 34 16 82 23 60 26 89 34 8 36 16 36 1 5 5 97 47 22 11 25 73 69 8 13 ]

D: [ 80 3804 2437 4296 4307 1646 5427 4206 4643 3370 2714 2961 2853 5276 656 6305 705 1940 2038 2672 595 4455 4764 2596 2050 1773 2754 1026 2710 1690 6612 5111 1116 4672 2709 1045 1940 3759 5251 2205 431 1268 5166 5604 6544 1444 5211 551 5705 2871 5543 6300 628 3610 4519 4999 1005 2895 6025 3715 4585 1562 2128 5701 1856 460 49 3796 6539 922 1623 272 2190 2411 1498 4357 6175 12 4908 5182 2883 3754 407 5832 2986 4926 4133 3991 1123 5780 3328 1331 644 1079 2654 2500 3859 5023 1918 3700 ]

F: [ 1 2 1 1 1 1 2 1 1 1 1 1 1 2 1 1 2 2 2 2 2 2 1 1 1 1 1 2 1 2 2 1 1 2 1 2 1 1 2 1 1 2 1 1 2 1 1 1 2 2 2 2 1 2 2 2 1 2 1 1 1 1 1 2 2 1 1 2 1 2 1 1 1 1 1 2 2 1 1 1 2 2 2 1 2 1 2 2 1 2 2 1 2 2 2 2 2 2 1 1 ]

S: [ 0 69 
98 0 ]

A: [ 1 8 8 2 7 9 8 9 6 8 8 5 1 2 4 1 5 2 5 4 3 5 2 2 2 2 7 5 9 1 2 8 6 7 9 2 4 5 8 7 1 6 2 1 5 6 1 7 5 4 1 5 8 9 7 9 9 2 4 6 9 3 4 6 9 3 7 1 6 3 8 6 9 7 7 4 1 5 2 6 8 9 1 6 7 5 3 6 6 7 2 6 9 6 9 7 6 4 7 9 ]

B: [ 12 4 2 8 10 1 4 14 8 13 14 12 8 3 14 10 14 10 2 13 11 8 3 2 11 14 6 4 8 9 1 3 12 2 9 5 2 12 3 7 10 14 2 1 2 14 11 14 9 10 12 3 1 12 2 11 11 8 13 2 14 13 2 9 12 10 14 13 7 14 3 14 13 5 1 1 4 9 14 10 2 9 12 3 6 13 11 14 4 9 1 3 7 14 12 4 10 11 14 2 ]


----------


