100 5 1.5 S

P: [ 80 94 98 80 98 82 19 85 42 25 57 30 55 9 39 35 37 59 38 1 82 95 33 75 56 92 96 25 17 47 5 97 42 2 77 40 83 93 23 23 18 80 52 72 86 88 5 23 45 42 21 28 36 53 1 91 46 94 16 62 42 19 57 83 20 34 21 1 27 43 23 42 21 72 15 5 61 19 28 6 59 48 31 94 99 32 83 45 26 99 5 67 18 62 48 35 93 68 35 21 ]

D: [ 4926 2430 3647 6220 1509 1393 5279 997 4710 6712 4400 3261 707 5695 7169 4842 4681 3742 3333 2120 6777 4141 3330 5032 7038 1739 5790 3234 2860 5195 3001 4143 376 3006 3115 1886 756 4751 6489 1823 4214 3640 5084 4921 2087 5004 6121 3125 5104 2205 5245 989 2703 1327 6022 6098 6672 920 2084 5889 6116 1442 6390 2849 805 2256 4735 5168 3364 333 6991 329 3973 1184 1607 2417 2545 4085 5543 400 6291 3539 1390 5351 1223 3769 558 646 4689 2642 2893 3556 441 2034 6406 1247 647 249 2772 4011 ]

F: [ 1 4 1 2 1 5 3 3 3 2 3 3 5 4 5 1 4 4 1 1 3 2 4 4 5 3 4 3 2 1 1 4 4 3 5 2 2 5 1 4 3 3 3 2 4 3 5 4 1 2 4 4 3 5 4 4 4 2 1 5 4 3 4 2 5 5 5 3 1 5 2 4 5 1 5 5 3 1 3 1 2 4 1 1 5 4 4 3 2 4 5 5 3 3 3 2 4 3 5 5 ]

S: [ 0 4 18 8 10 
3 0 4 19 13 
10 19 0 3 8 
9 13 9 0 15 
11 12 2 14 0 ]

A: [ 3 9 7 8 8 3 8 2 8 4 2 1 3 5 2 1 5 7 6 1 2 1 5 8 8 5 6 7 3 2 6 3 9 3 2 7 4 7 6 2 1 7 9 3 2 2 1 5 6 5 5 7 5 9 5 4 4 8 8 5 7 5 7 6 5 6 2 8 3 7 8 1 5 7 3 4 6 2 6 2 6 2 8 8 8 1 9 1 6 8 5 2 3 9 7 5 6 6 4 6 ]

B: [ 3 5 2 11 3 9 8 1 3 3 10 2 3 13 11 4 5 1 11 1 6 1 12 5 13 11 7 9 3 3 2 5 7 3 13 7 10 4 7 12 6 1 12 6 13 8 10 1 6 4 1 10 3 12 12 1 7 4 7 9 4 6 11 8 7 9 1 2 10 5 11 2 5 8 7 3 13 14 4 5 2 4 14 4 14 11 2 6 13 8 12 14 11 8 8 3 14 8 4 9 ]


----------


