100 2 2.5 S

P: [ 20 45 10 72 58 71 65 13 26 50 21 28 98 90 51 42 82 12 18 35 42 71 92 14 20 87 56 34 84 19 96 4 63 6 74 19 74 39 31 97 87 51 24 85 39 74 28 21 83 45 55 24 15 46 37 34 33 90 65 16 9 59 17 69 65 90 87 37 28 16 35 13 66 56 97 3 30 25 24 14 68 76 37 82 22 71 14 53 61 78 68 68 37 82 37 99 71 25 37 96 ]

D: [ 9948 7664 8918 7780 7935 8105 3300 10482 2764 5751 4967 3200 3748 6153 9822 4111 8338 1888 9804 4356 8859 995 4799 2305 5694 11558 4681 551 10653 4436 3319 8344 7472 12237 11496 10779 8084 2538 9003 6220 3662 1713 9420 7410 3238 6984 6893 6949 8872 4440 6677 845 5435 11476 3151 6501 6148 3204 7052 4544 3012 10371 8260 10484 5722 7498 9005 9179 5408 1122 3141 9070 10465 304 11852 1446 2660 6488 8395 6905 6300 10444 7750 7107 9662 6273 1351 3552 9477 8403 8096 7861 1889 4098 6087 7611 6968 10464 4532 119 ]

F: [ 2 1 2 1 1 1 1 1 1 2 2 1 2 1 2 2 2 1 1 2 1 1 1 2 2 1 1 2 1 2 1 2 2 1 1 2 1 1 2 1 1 2 1 2 2 2 2 1 1 2 2 1 2 1 2 1 1 2 1 1 1 1 1 2 1 1 1 1 1 1 1 1 2 1 1 1 1 2 1 1 1 1 1 2 1 2 1 1 1 1 1 2 1 1 1 2 1 2 2 2 ]

S: [ 0 20 
13 0 ]

A: [ 7 8 9 9 2 5 5 2 9 7 2 8 2 5 8 1 3 9 6 2 1 9 5 4 6 7 3 4 3 2 2 7 7 1 7 8 4 9 1 1 7 9 9 6 5 5 4 5 4 7 6 2 6 9 4 3 6 6 4 6 8 5 1 3 3 5 2 6 5 9 5 9 8 2 3 1 6 6 4 8 1 9 7 6 6 1 6 9 7 9 3 3 4 2 5 5 6 6 1 8 ]

B: [ 3 14 13 8 2 13 5 1 8 2 10 2 14 6 8 5 6 10 5 7 3 3 9 6 13 3 14 7 12 3 4 14 2 1 5 4 13 8 2 7 7 9 8 4 14 13 7 5 9 11 9 9 13 1 14 10 4 12 2 13 14 3 10 13 3 13 14 14 6 1 6 10 9 11 14 9 10 6 11 2 2 6 10 12 4 9 7 7 4 6 5 3 7 13 2 9 11 13 6 14 ]


----------


