100 5 3.5 L

P: [ 26 71 4 9 28 40 73 40 11 93 11 61 97 50 49 87 96 18 39 16 52 73 32 3 62 34 62 84 5 77 60 31 46 62 37 72 2 10 12 12 2 22 72 98 70 19 85 64 36 24 79 88 95 9 88 55 42 48 39 47 23 97 75 68 59 12 40 60 21 49 71 20 69 41 18 39 59 4 3 92 25 79 80 18 87 66 73 27 14 10 71 34 7 46 3 63 57 40 21 76 ]

D: [ 13526 9382 5990 11171 3182 2583 13875 11451 7430 8701 12658 952 7997 6811 10535 7284 14396 11888 5924 13938 14881 13346 12963 15567 15616 7353 13998 711 7899 10905 13701 16187 15049 3429 11096 1970 774 8709 8183 2966 12172 15603 3919 3907 915 9216 5953 15311 4842 6640 12987 14485 3724 9688 13790 3078 11803 11527 14813 14465 932 12252 14390 10743 10444 3987 7475 5980 7458 15659 8947 3369 9762 7628 2038 10677 582 7992 4488 5424 14632 12238 14671 13118 5664 12200 10958 12230 2227 9510 5195 3159 262 14347 13902 10706 2072 5116 425 4293 ]

F: [ 5 4 2 1 2 5 2 3 1 2 3 5 4 4 4 4 1 1 5 1 4 4 4 4 1 2 4 5 3 1 2 2 1 5 4 2 1 5 1 2 2 3 1 2 1 2 5 2 4 1 4 2 4 3 2 5 4 2 1 1 4 4 4 1 5 2 4 2 2 4 3 5 1 1 1 2 4 3 5 2 3 3 5 4 2 3 5 2 5 2 4 5 2 2 1 1 1 4 2 4 ]

S: [ 0 57 83 87 72 
58 0 56 78 72 
74 83 0 97 87 
83 53 98 0 86 
85 91 66 58 0 ]

A: [ 8 5 4 5 4 6 9 3 3 1 2 3 7 9 7 5 6 8 6 6 5 2 1 8 4 6 2 3 2 5 8 7 8 9 2 2 5 8 4 6 8 3 8 4 9 5 8 5 2 3 8 6 4 8 4 8 2 3 8 3 8 4 9 6 2 8 7 6 6 8 9 3 8 8 6 7 3 2 9 4 4 6 7 8 4 8 4 4 2 9 6 9 3 4 3 4 9 7 8 6 ]

B: [ 5 14 10 7 7 9 13 2 1 7 13 8 11 2 2 12 13 11 5 1 5 6 8 2 2 3 9 14 14 1 7 4 12 2 8 3 8 6 4 8 13 14 13 9 1 12 4 14 8 8 12 10 12 6 10 11 8 4 8 6 2 14 7 13 13 1 1 4 4 2 10 14 2 8 7 14 6 8 11 11 14 9 7 11 14 2 5 5 3 13 8 4 10 1 2 9 13 1 12 2 ]


----------


