100 4 1.5 M

P: [ 44 82 71 88 26 78 38 41 17 54 13 45 15 95 96 4 9 59 32 3 65 86 29 32 23 11 38 68 89 31 9 33 11 79 21 36 58 56 75 72 11 87 16 23 80 12 26 89 69 57 89 34 42 18 63 64 26 1 32 13 29 41 45 40 18 63 73 73 20 48 46 28 35 59 50 14 70 73 1 39 29 89 70 70 5 32 34 30 32 63 40 59 2 82 96 20 45 69 92 62 ]

D: [ 5277 3159 1639 4270 799 58 4858 6457 4018 2320 5738 4898 4358 3211 437 712 2804 3989 2710 5094 2699 4048 3272 1470 848 5051 782 6206 1938 5504 6673 359 2472 1457 4629 3271 1515 3296 3536 6197 5616 3083 4903 3783 6294 5340 5159 2906 3137 1014 1808 5837 5062 5081 1115 6575 3940 1897 5925 5878 1209 6406 45 3681 1007 5339 761 3187 1779 4961 3192 1203 1188 1240 4986 1290 388 3290 4860 4190 4304 6669 3835 3174 4894 4950 3557 2642 655 3290 1665 2528 2841 1710 18 3848 193 1443 843 2636 ]

F: [ 1 1 1 2 1 3 4 1 1 1 3 1 2 2 4 4 4 1 2 3 4 3 4 1 2 2 1 3 1 1 4 1 1 4 2 1 2 2 1 3 2 4 3 3 1 2 2 1 3 3 3 2 2 2 2 3 3 2 1 3 2 4 4 2 3 1 2 1 2 3 3 3 2 1 1 2 3 2 2 1 1 1 2 2 2 3 4 1 4 4 3 2 4 2 3 2 3 1 2 4 ]

S: [ 0 58 92 88 
91 0 96 94 
56 90 0 73 
93 90 72 0 ]

A: [ 1 1 8 5 3 2 1 2 4 4 6 4 3 3 3 4 4 2 9 6 6 1 7 3 8 1 7 6 8 4 9 8 2 5 2 2 6 9 3 1 3 9 2 4 9 4 7 1 4 6 6 9 4 1 9 1 1 6 6 7 7 4 5 8 8 4 7 3 4 9 3 6 6 4 9 5 6 7 5 9 1 8 6 5 8 3 5 7 6 8 4 3 9 6 8 6 1 5 8 4 ]

B: [ 4 5 6 6 6 5 10 10 1 14 2 7 12 13 11 1 10 4 5 12 10 4 12 9 9 12 1 2 11 8 7 13 10 13 4 14 1 13 9 13 10 9 5 6 5 2 6 1 3 8 10 10 9 8 3 3 3 3 3 12 11 7 10 4 5 11 3 3 7 10 13 3 4 4 6 8 3 11 6 3 2 2 13 10 7 13 12 9 1 14 6 9 7 1 13 9 9 1 10 2 ]


----------


