100 4 0.5 L

P: [ 26 53 93 56 91 27 11 40 76 70 5 83 59 42 32 19 93 5 59 41 1 60 73 94 50 3 35 52 49 76 4 73 27 97 27 18 22 37 55 95 5 60 79 61 99 9 78 92 13 37 34 11 95 7 4 45 8 38 94 54 12 98 25 39 95 52 54 17 86 10 11 91 67 89 50 66 95 28 58 9 63 89 17 58 94 20 1 2 55 94 55 67 92 80 6 85 32 57 1 18 ]

D: [ 1913 1899 2234 1872 2417 2316 1601 574 1530 1233 796 883 1671 1843 1301 632 824 32 2126 1989 1491 784 1160 2207 2177 281 149 406 1439 2201 1518 81 1654 1307 1127 799 1177 283 547 1881 690 518 1939 2361 2361 794 548 739 1 228 1902 1492 186 616 427 2363 897 2196 1943 1511 1951 1016 1592 333 1497 273 1132 228 556 1680 1283 420 2198 776 336 2113 745 884 2026 2366 286 657 1412 2093 1273 1013 1184 1345 764 682 2030 269 1698 1176 2223 749 623 909 151 1180 ]

F: [ 4 1 3 2 4 3 1 3 1 2 1 4 1 3 3 4 2 3 1 2 3 1 4 1 1 1 2 3 4 1 1 4 2 3 1 1 2 2 3 2 3 3 1 3 1 3 2 2 2 3 4 4 3 3 1 4 3 2 2 2 3 2 1 4 4 2 4 1 3 2 3 1 4 3 3 4 2 4 1 3 2 4 2 1 2 2 4 4 4 1 2 2 2 2 1 1 3 4 2 1 ]

S: [ 0 61 97 88 
98 0 85 88 
92 79 0 93 
98 73 79 0 ]

A: [ 2 1 4 3 3 2 8 2 8 5 2 4 5 7 9 4 1 3 5 3 2 8 5 1 1 1 6 7 5 8 1 6 8 4 6 9 4 2 8 9 6 1 4 9 5 1 3 6 1 5 6 2 1 2 2 2 9 5 6 4 4 6 7 9 8 4 6 2 5 5 8 9 5 2 6 9 2 8 3 2 1 7 1 2 8 1 1 5 5 6 7 6 3 4 6 8 5 9 9 8 ]

B: [ 2 3 3 11 13 1 14 13 13 14 10 5 5 14 1 8 10 14 11 6 6 7 5 7 8 13 2 13 10 6 3 9 6 3 4 4 1 3 1 13 2 8 1 5 7 2 12 3 1 6 8 4 12 10 10 6 9 9 2 2 14 4 8 6 6 11 7 6 13 7 2 13 14 14 3 5 1 12 7 14 2 12 3 11 7 11 14 13 5 1 12 5 2 6 10 7 2 14 10 13 ]


----------


