100 4 3.5 M

P: [ 55 41 28 95 8 68 40 2 41 61 95 70 67 17 85 63 79 41 87 29 56 30 78 58 46 12 3 80 38 92 87 90 34 15 83 39 81 23 40 20 82 36 89 49 50 72 12 30 14 98 56 67 28 32 23 72 43 26 52 78 16 39 69 47 52 52 86 31 73 24 50 55 57 37 4 6 7 13 35 20 11 88 85 37 19 8 9 61 31 60 40 47 97 7 91 47 56 75 77 29 ]

D: [ 4445 14019 14212 3140 12039 2576 1453 11719 8726 3168 11701 8564 2543 12208 1715 16682 15696 15754 2151 7474 5668 16309 4710 4214 2966 12693 2730 15901 4684 10319 5507 11881 7418 5552 15021 5289 8128 2307 89 2687 8227 11790 11251 13522 9830 12966 13284 8606 14552 1268 1912 3300 657 6622 7515 3624 5148 10245 2605 12584 6397 10864 7545 13815 16416 5646 4937 10377 10705 5026 13064 4765 2648 7395 1367 12478 6193 14652 6916 3825 1752 8829 7125 2409 1283 472 8785 9183 13470 14142 4847 2947 8087 12392 2594 10335 3871 7531 3792 408 ]

F: [ 2 1 2 2 4 2 4 1 2 1 2 2 2 4 3 1 4 1 1 2 3 4 1 2 1 4 2 4 3 2 4 1 3 2 2 2 3 2 3 4 2 4 1 3 3 3 3 3 3 3 4 2 3 1 3 3 4 4 2 2 2 1 2 4 2 4 1 4 1 3 3 2 3 3 4 1 2 2 3 4 1 3 1 3 3 4 1 2 3 2 3 4 2 1 3 4 4 4 3 4 ]

S: [ 0 75 97 68 
54 0 53 89 
66 75 0 62 
60 82 88 0 ]

A: [ 3 7 7 5 7 7 9 9 4 9 4 5 5 7 7 1 8 9 3 6 5 6 1 5 5 5 3 8 6 8 5 9 6 9 4 3 7 2 9 8 1 4 3 3 8 7 1 6 5 3 2 9 6 9 4 1 4 5 6 1 3 1 7 6 1 8 9 5 9 6 1 7 9 4 9 5 1 9 1 3 9 1 3 5 9 4 3 2 8 9 9 9 7 4 5 5 9 2 9 9 ]

B: [ 1 11 5 12 5 2 9 12 6 1 6 5 12 9 1 2 4 3 4 8 13 11 13 13 4 7 5 2 3 12 11 1 6 2 12 10 1 6 6 6 5 9 8 2 3 9 3 6 11 4 13 7 12 9 5 13 14 7 13 14 5 9 14 10 8 11 6 6 1 9 12 5 3 5 4 5 11 5 10 5 6 7 11 4 13 14 2 12 6 12 9 10 5 8 6 12 3 9 4 3 ]


----------


