100 5 2.5 S

P: [ 36 79 88 92 57 81 65 43 11 30 31 8 71 2 57 34 50 27 76 68 88 37 30 68 78 81 46 72 76 36 95 12 14 83 2 70 62 67 11 70 96 41 78 67 42 33 98 90 59 75 56 48 12 83 14 89 63 59 59 39 93 54 51 7 35 52 76 97 19 84 65 14 25 43 78 65 73 77 53 31 50 9 78 61 89 89 48 52 47 7 91 40 59 42 44 93 93 20 88 11 ]

D: [ 11719 5162 3836 9915 10642 6527 9313 4814 11602 7893 8076 13457 8038 676 6742 9771 10887 7469 13697 3888 8298 8532 7107 6557 13431 4307 3202 6181 9418 12775 10404 7366 4166 7874 10916 8442 630 6458 6890 5867 581 8600 5553 8619 9276 5930 12024 27 13399 11951 11320 1560 6712 4657 8117 6373 8964 11320 12554 12017 10324 2821 5612 8124 10695 2757 2795 4959 2850 9686 10826 10836 4515 2609 13089 7426 2173 11343 7453 1801 9523 12407 10767 9869 3293 5113 9876 5892 10067 8659 4138 254 5114 9750 8378 9443 6142 4808 632 8992 ]

F: [ 1 5 3 5 5 2 5 4 2 2 5 2 2 4 2 1 3 2 2 3 4 3 2 4 1 1 4 1 2 4 1 2 3 3 1 5 1 3 3 3 1 2 1 2 2 2 3 2 1 1 4 4 4 2 4 1 4 2 1 5 5 3 3 3 2 1 2 2 3 4 1 5 3 2 2 1 5 1 4 5 1 2 5 1 1 4 3 1 2 5 1 2 2 3 1 5 5 4 2 4 ]

S: [ 0 12 7 14 6 
10 0 5 4 20 
2 2 0 19 14 
4 6 17 0 16 
19 19 1 10 0 ]

A: [ 7 9 9 3 9 6 1 7 4 8 4 2 3 9 8 3 4 8 9 7 7 9 5 2 1 2 7 6 6 4 4 3 4 3 3 1 7 3 7 1 8 1 9 9 7 8 2 1 6 1 7 1 9 1 2 8 2 6 4 5 8 7 7 9 8 8 9 5 1 6 3 7 5 3 4 2 1 5 1 4 3 5 5 9 3 6 7 5 1 2 9 8 6 5 7 2 1 6 6 8 ]

B: [ 13 10 3 10 5 5 13 5 8 1 9 14 11 9 6 13 11 10 10 13 1 9 7 2 6 1 11 3 6 12 2 4 5 2 12 9 5 8 11 12 6 5 10 2 12 13 14 6 8 7 4 9 2 8 8 7 8 4 10 11 13 9 12 3 10 9 11 12 14 7 10 5 10 3 5 7 1 4 12 6 11 13 12 10 6 5 2 11 7 9 5 5 3 2 8 11 11 2 8 8 ]


----------


