100 2 3.5 M

P: [ 15 12 61 44 41 46 19 60 93 47 63 39 80 29 53 70 94 55 10 65 24 1 15 52 26 84 8 13 14 98 3 26 11 61 67 51 7 85 9 98 32 71 35 12 99 87 79 91 42 88 57 65 88 71 16 15 53 21 25 66 20 26 89 30 86 56 78 91 41 86 89 70 56 24 79 55 11 58 47 50 44 2 13 30 72 28 44 25 47 67 88 66 92 75 93 76 31 69 67 69 ]

D: [ 11060 5443 9192 13621 7724 1353 4592 17429 7247 7884 7709 2242 4001 6764 14067 17637 9800 2027 1925 13360 10498 1667 10189 3721 3105 4652 1850 4336 8043 2846 9876 1246 2715 1210 9293 10440 14847 8311 4437 16520 16195 6573 904 14622 13337 14971 8827 17563 11424 10752 7492 4064 12419 17681 7785 15524 16760 9636 14286 1371 6908 6304 14901 9623 1940 6337 14489 16787 14648 13353 15449 7412 2068 16353 16460 9831 7893 7430 9536 1459 12608 17028 5524 1596 11278 13309 11546 4606 17371 7975 5977 847 8705 3021 4897 5072 9358 13812 16285 6148 ]

F: [ 2 2 1 2 1 2 1 2 2 2 2 2 2 2 2 2 1 1 2 1 2 2 2 1 1 1 1 1 2 1 1 1 2 2 1 2 1 1 2 2 2 1 1 2 2 1 1 2 1 1 2 2 2 2 2 2 2 1 2 1 1 2 2 2 1 2 1 1 2 2 2 2 2 1 1 1 1 1 1 1 1 2 2 2 1 1 1 1 1 2 1 1 2 2 2 2 1 1 1 1 ]

S: [ 0 78 
74 0 ]

A: [ 2 8 3 2 8 7 9 1 6 1 1 9 4 8 6 3 4 1 9 3 2 1 8 9 7 9 4 8 5 5 5 6 1 8 5 6 5 4 7 2 2 7 1 6 3 4 8 7 5 5 7 4 6 5 1 1 2 5 6 6 9 1 9 7 8 2 3 4 4 9 3 5 6 1 8 7 5 4 2 7 9 6 1 3 8 8 3 1 3 8 6 9 6 4 6 5 5 7 6 8 ]

B: [ 5 5 10 3 11 13 6 9 12 10 6 1 9 12 1 2 3 6 12 5 12 13 9 14 11 13 8 10 8 10 11 11 14 6 13 9 4 2 3 13 11 9 13 5 4 11 4 4 2 2 7 11 12 1 11 8 11 4 1 5 12 11 13 11 14 11 5 2 12 8 14 8 14 13 10 1 7 11 5 7 12 11 3 7 9 11 12 5 13 13 7 10 7 5 6 7 1 9 8 10 ]


----------


