100 2 3.5 L

P: [ 27 92 72 21 21 21 47 89 28 53 63 87 17 58 75 98 83 14 76 70 65 28 75 69 91 20 85 23 12 49 67 38 41 37 56 60 56 2 49 81 54 10 66 69 67 41 65 50 55 39 18 18 67 92 86 58 13 69 80 22 18 45 58 57 80 14 17 36 13 63 17 67 72 82 34 37 24 98 85 76 38 3 93 3 93 78 60 4 47 38 25 63 83 82 20 61 94 34 96 7 ]

D: [ 17252 16384 16528 8360 3410 14426 8939 1892 1612 7872 6863 3192 12117 12851 10448 13350 3559 4280 13416 1553 10164 14779 689 599 13908 6456 11543 4167 15694 7238 6148 1618 5526 9445 9978 8937 5775 5686 15693 12251 13558 4461 15443 12443 17312 12659 12561 7639 16939 7881 14056 9008 9429 14746 14471 5241 7970 7919 14272 5569 15157 7188 7187 7452 16633 3934 3157 4313 14484 754 16564 14810 5215 680 9158 9295 107 3623 16934 17047 16369 12895 12823 12566 9545 14062 17807 4283 3885 751 9852 5811 7939 3808 31 6477 7742 3188 15654 8994 ]

F: [ 1 1 1 1 1 1 2 1 1 1 2 2 2 1 2 1 1 1 2 1 2 1 2 1 1 1 2 1 1 2 1 1 1 1 1 1 2 1 1 2 1 2 1 2 2 2 2 1 2 1 1 1 1 2 1 1 2 1 1 2 2 1 2 2 2 1 1 1 1 1 2 1 1 2 2 2 1 1 2 2 1 2 2 2 1 2 2 2 2 1 1 2 1 1 1 2 1 1 2 1 ]

S: [ 0 75 
62 0 ]

A: [ 6 9 7 7 5 9 4 4 5 6 8 3 4 6 2 7 1 7 8 2 2 1 9 8 7 6 2 8 5 9 5 1 6 2 5 2 9 6 5 2 9 1 3 4 4 4 1 5 1 8 4 1 6 3 8 3 6 7 2 8 7 4 6 3 3 8 2 2 4 4 2 3 5 4 6 6 5 4 8 3 9 2 3 6 2 8 6 5 6 7 3 1 8 8 1 2 4 1 1 7 ]

B: [ 3 2 3 12 7 5 2 12 8 1 10 6 7 9 7 2 5 5 12 7 4 5 1 2 5 3 1 5 11 10 1 12 12 3 9 4 5 8 14 12 7 7 2 11 1 8 12 5 10 9 11 14 12 11 13 14 12 13 2 8 6 2 5 1 2 12 3 7 5 2 2 11 8 1 7 6 7 5 11 2 11 5 1 6 2 11 5 11 9 5 4 13 6 7 13 6 4 1 12 6 ]


----------


