100 4 0.5 S

P: [ 33 12 4 63 24 74 69 67 92 19 4 36 93 49 38 42 96 55 8 2 26 39 53 86 96 27 39 36 98 48 17 32 59 20 92 81 91 60 46 82 78 49 18 69 97 53 10 93 7 15 92 32 54 43 17 48 69 53 84 68 1 98 99 58 18 89 37 10 49 82 91 26 29 7 92 24 59 2 15 65 17 7 95 68 49 10 14 17 62 97 84 60 95 81 16 12 70 52 19 20 ]

D: [ 2207 1723 331 2454 2264 269 1203 2206 1643 2007 181 1859 44 2429 1111 2300 2165 382 1243 489 438 696 1826 1203 1593 127 556 963 899 952 711 630 1240 2084 1649 1027 919 376 1799 85 948 1980 1944 993 1932 1620 1858 185 2002 624 1716 2440 1320 1065 1167 1478 1192 288 1006 2092 2283 283 1287 1046 2367 459 639 809 1877 2438 1936 349 1941 1403 1342 2438 1588 723 146 2156 2389 1862 684 2274 1492 416 2317 1250 705 846 1907 511 1129 717 122 2062 2218 761 394 1619 ]

F: [ 4 1 2 3 4 2 2 4 4 1 3 3 2 1 3 4 3 1 2 4 3 2 2 1 4 4 2 3 4 2 1 3 2 2 2 2 3 3 1 2 4 3 4 1 3 2 4 1 2 1 4 1 2 1 1 1 1 2 4 4 3 4 2 1 2 3 2 4 2 2 2 1 4 1 1 2 3 1 3 4 1 2 4 3 3 4 3 3 1 2 2 4 2 3 4 3 2 1 2 3 ]

S: [ 0 18 3 7 
1 0 4 15 
14 6 0 3 
16 17 4 0 ]

A: [ 6 3 3 6 5 4 5 7 6 3 1 9 4 9 9 7 4 9 7 2 2 4 8 3 8 2 2 8 2 9 1 5 2 3 8 5 7 3 2 1 5 9 7 6 8 6 4 9 5 8 1 4 1 6 6 8 7 7 4 6 7 5 8 6 5 6 1 2 8 2 9 3 8 6 9 6 2 1 5 5 6 3 6 6 8 3 4 4 7 8 9 2 3 8 8 7 4 8 7 1 ]

B: [ 2 13 5 11 10 11 8 7 8 1 5 12 7 12 3 7 14 7 9 7 11 9 9 13 1 11 5 9 1 8 1 2 7 6 13 2 14 4 6 6 2 9 3 8 6 5 1 3 9 7 7 3 1 13 1 13 7 6 8 8 13 6 9 3 11 5 4 9 8 8 14 10 2 2 1 5 4 13 5 13 6 11 13 4 10 14 3 2 3 8 7 13 13 14 2 8 4 3 2 10 ]


----------


