100 3 2.5 M

P: [ 47 30 88 81 26 84 62 63 55 40 60 70 73 95 9 20 61 56 17 3 29 32 75 37 25 14 77 37 64 42 95 10 69 83 90 95 67 50 56 21 87 16 90 59 9 99 78 67 53 92 69 80 25 45 17 47 56 91 83 20 33 78 29 2 59 17 94 25 67 50 45 52 63 33 11 71 30 88 36 83 79 4 63 4 48 77 50 2 68 31 21 98 7 48 97 63 62 92 87 27 ]

D: [ 7165 11666 11754 570 11634 5567 965 9911 8403 1417 5703 7725 4883 5082 12077 6099 7276 12135 1103 6780 10304 4830 8291 3451 3533 8233 6838 7953 7850 3024 8263 618 1477 6804 1188 11927 11188 2154 7442 6378 3571 13145 12919 8454 3831 11783 1340 9923 10705 1259 2307 6612 6089 10598 10063 8439 5618 3688 3179 12284 6712 11442 12903 7006 3850 878 5720 1825 3032 11978 7019 6603 11911 6725 660 1345 4111 816 11268 1603 2075 12391 8215 6981 9777 5065 2207 998 8753 4202 70 1069 2431 12973 8075 5097 638 12611 5738 2487 ]

F: [ 1 3 1 3 3 3 3 3 1 1 2 1 2 3 3 2 3 2 3 2 3 3 3 3 2 2 2 2 1 3 1 1 1 1 1 1 3 1 1 2 2 3 2 1 3 2 2 3 1 1 2 1 2 1 3 3 3 2 2 1 3 2 2 3 3 1 1 3 1 2 2 2 2 1 2 2 2 1 1 3 2 1 3 1 1 1 1 2 2 3 3 1 2 1 1 1 1 2 2 2 ]

S: [ 0 99 66 
63 0 73 
67 63 0 ]

A: [ 7 1 4 8 7 9 6 4 4 9 7 6 5 6 5 7 4 9 3 8 5 4 4 1 6 8 7 1 7 9 5 4 1 6 9 5 4 3 8 7 1 6 3 5 9 5 3 3 3 5 8 7 8 9 5 5 8 2 3 3 2 5 4 9 1 2 4 4 4 9 9 4 3 2 7 2 5 9 3 7 2 1 4 7 8 8 9 6 7 9 6 6 4 9 5 5 8 6 8 3 ]

B: [ 7 7 9 8 3 5 6 5 14 8 9 3 11 10 13 1 5 4 7 11 11 1 5 6 14 7 10 11 11 8 13 1 12 8 6 14 10 11 4 10 4 10 10 1 3 6 13 7 8 6 4 4 4 8 9 3 12 3 12 6 10 10 4 7 1 10 5 9 6 6 2 8 2 11 6 4 1 4 9 8 7 10 11 11 1 3 11 12 5 8 2 12 2 5 5 14 14 9 8 4 ]


----------


