100 4 2.5 S

P: [ 62 13 14 63 13 96 93 34 53 8 37 59 45 89 34 27 53 1 51 40 87 74 6 89 83 73 92 63 75 38 22 36 50 33 96 62 27 88 94 77 95 31 34 39 19 67 63 71 65 14 9 51 88 12 38 71 83 31 33 58 68 52 91 17 84 88 76 9 76 70 83 71 2 18 8 20 82 70 88 46 84 97 96 70 7 34 39 89 62 71 46 29 21 37 45 3 25 19 11 1 ]

D: [ 8189 5675 4754 7445 9371 11643 5116 293 10748 9755 12289 10881 11006 10307 809 6077 5289 7788 10193 3650 11034 9686 6495 962 235 6288 2689 3903 11193 9753 3007 12182 8228 7761 6809 4781 12204 4725 5075 10134 1662 10164 8197 5469 7654 1806 4346 5743 9595 1721 9393 611 4208 8689 7191 10061 2159 9880 1146 534 12434 4153 12716 7844 4714 12325 5426 4101 4232 10501 1417 11513 647 9615 9782 1101 11421 1310 6844 998 8649 9038 7227 5657 4909 1601 2900 7068 4281 4047 7603 9515 1000 301 4542 5715 5427 9968 9816 9659 ]

F: [ 2 4 1 1 1 3 3 3 3 3 1 3 1 3 2 2 4 1 1 3 2 4 1 4 3 1 3 2 1 1 2 2 1 2 2 1 1 4 3 3 3 4 1 3 2 3 1 1 3 1 3 4 4 3 3 2 3 2 4 3 2 1 4 2 2 2 3 2 1 1 1 3 4 1 2 1 3 2 1 1 2 4 4 1 2 3 2 1 4 1 3 1 1 3 3 3 4 1 4 4 ]

S: [ 0 1 20 11 
13 0 13 16 
17 3 0 9 
10 8 14 0 ]

A: [ 9 9 9 8 4 2 8 2 9 1 9 2 8 6 7 9 5 6 2 6 7 2 1 1 5 8 7 4 1 9 2 7 6 1 5 8 1 4 9 9 2 6 8 7 9 6 6 4 9 5 8 4 7 8 5 9 4 9 4 4 6 3 1 2 4 4 7 2 5 7 8 6 1 6 1 1 9 6 2 8 8 9 1 5 6 5 5 9 2 6 2 7 8 2 6 9 3 4 1 7 ]

B: [ 8 9 4 11 9 11 9 14 2 12 7 4 5 7 2 8 13 1 10 8 14 14 10 14 12 5 5 3 3 11 8 10 3 12 7 11 6 13 11 8 10 1 9 13 7 10 4 5 9 13 10 8 10 5 7 6 7 10 6 10 6 13 3 8 8 7 3 14 6 11 5 1 11 13 11 1 8 1 3 14 11 12 8 7 14 14 12 6 7 3 13 10 13 2 2 7 8 4 4 11 ]


----------


