100 2 0.5 M

P: [ 81 76 68 12 63 39 69 16 55 66 77 52 96 42 3 54 54 69 20 78 72 85 17 40 32 83 79 73 96 56 80 78 32 46 89 92 84 58 7 37 22 81 87 19 23 89 70 75 58 89 53 29 72 69 68 4 50 45 77 47 1 55 23 30 1 10 21 83 65 27 20 86 6 7 3 29 94 72 4 50 62 54 76 32 21 45 36 71 87 11 16 86 65 36 16 65 43 36 48 8 ]

D: [ 1629 724 2375 1560 2076 1978 269 1998 1926 334 1499 1292 2200 2365 215 1979 1447 1288 95 2304 1579 178 2155 526 2249 1717 1436 24 1990 548 2206 355 1272 2054 1915 84 768 2184 1347 166 1782 318 1459 1454 155 1674 170 1603 2226 265 643 1277 2236 270 1803 1221 1251 2503 510 2505 523 188 333 1059 1506 1512 1144 2274 433 1755 2441 2215 2073 636 406 1492 1574 576 2359 1272 105 474 1813 2341 8 352 1035 524 327 1545 501 851 997 98 1910 2504 875 2318 2250 1308 ]

F: [ 2 2 2 1 2 2 2 2 2 1 2 2 2 1 1 2 1 2 2 1 1 2 2 1 2 2 1 1 1 1 1 2 1 1 1 2 2 2 2 2 2 1 1 1 2 1 1 2 1 2 2 1 1 1 1 1 1 1 1 1 2 2 2 2 2 2 1 1 1 2 2 1 1 2 1 2 1 1 1 1 1 1 1 1 1 2 1 1 2 2 1 1 1 1 2 2 2 1 2 1 ]

S: [ 0 56 
100 0 ]

A: [ 2 8 5 9 1 8 9 6 5 7 6 5 6 8 9 5 4 8 3 7 3 7 7 4 5 7 6 4 5 3 9 6 8 3 3 7 1 2 3 4 8 8 8 3 4 7 5 5 3 7 3 3 2 9 7 4 6 1 5 1 3 3 6 9 5 7 6 3 8 6 6 7 4 4 7 7 8 2 3 9 6 5 2 5 2 6 8 8 7 1 6 7 3 1 6 5 7 9 8 5 ]

B: [ 7 13 1 14 7 11 10 5 3 10 12 10 11 14 7 1 11 10 1 4 13 13 4 11 14 2 7 13 3 9 5 9 7 6 7 11 2 2 14 5 9 11 12 5 8 5 3 5 12 4 6 8 14 7 3 13 9 9 9 11 3 13 3 7 4 9 2 4 8 1 6 2 9 3 4 3 5 7 5 1 8 10 8 7 3 10 3 11 4 9 5 4 7 7 9 9 14 10 10 7 ]


----------


