100 3 2.5 L

P: [ 38 50 64 3 18 47 85 82 87 78 97 88 83 11 94 94 77 8 46 18 21 16 12 31 78 69 15 7 68 92 6 5 40 69 5 55 14 89 35 99 67 32 85 48 40 79 40 18 84 86 35 5 99 44 35 77 12 50 82 79 40 87 81 77 55 86 33 66 75 67 65 41 97 50 86 37 27 27 54 12 11 86 14 10 29 49 85 40 96 67 17 34 52 98 11 5 84 41 71 57 ]

D: [ 4377 1004 7931 9479 10344 679 4314 11535 347 3400 4902 3836 5290 9796 4289 9156 5270 8209 12582 2256 8009 6207 11157 7198 7930 526 11349 11820 10685 3131 11235 2034 3896 6139 11513 1212 6578 2559 12747 6685 5959 4382 10521 11010 910 1542 7138 6180 9752 6453 8436 4493 12660 6325 11691 7322 6851 10013 6114 4508 12904 4321 6302 3772 10220 4547 4744 3770 7107 4464 10455 38 8606 7708 10808 9516 9251 4679 2428 5735 11132 10624 10228 10764 3921 8892 5058 10532 5877 10932 2013 5513 2225 8315 9286 12206 12863 1002 2708 6702 ]

F: [ 3 2 1 1 3 1 3 1 2 2 3 1 2 3 2 1 2 3 1 1 2 3 3 3 2 1 1 1 1 1 1 3 2 3 2 1 1 2 3 2 1 3 3 3 2 2 1 3 1 2 1 3 2 2 2 3 3 3 2 3 1 3 1 3 3 2 3 3 1 3 2 1 3 2 2 2 3 3 3 3 1 1 3 2 3 2 2 3 2 1 2 3 1 3 2 1 2 2 2 3 ]

S: [ 0 52 90 
81 0 88 
74 88 0 ]

A: [ 7 8 5 3 9 5 8 2 4 1 4 6 3 3 3 9 2 7 3 3 9 8 5 7 4 7 5 7 2 7 1 8 4 5 9 1 8 7 2 2 5 4 5 6 4 8 3 6 3 5 6 9 3 8 4 4 5 9 9 4 6 9 1 7 2 9 7 7 4 7 9 6 1 4 2 4 9 4 7 1 9 4 9 9 2 4 4 5 1 3 8 4 9 8 2 8 5 8 6 6 ]

B: [ 2 4 2 1 1 6 12 4 2 12 14 10 10 11 11 9 9 11 1 2 3 10 2 10 7 9 4 10 9 9 1 11 12 2 9 10 5 6 13 6 4 10 1 11 5 12 3 11 6 3 13 7 13 14 14 3 6 3 12 12 11 12 8 6 11 1 14 2 6 10 7 7 4 6 2 8 1 4 4 6 7 14 10 3 11 10 5 14 12 14 12 7 10 3 10 6 3 9 7 7 ]


----------


