100 2 0.5 S

P: [ 51 18 1 33 37 1 69 64 34 57 8 51 61 29 8 43 15 59 36 38 82 46 50 16 41 46 2 24 62 15 36 13 30 36 43 65 34 10 29 68 64 35 19 25 63 24 67 75 82 3 14 63 47 61 78 85 7 77 10 68 91 43 78 22 78 19 86 13 28 15 78 92 47 94 17 11 18 82 83 97 82 96 60 27 56 36 13 62 13 22 29 5 62 5 24 40 24 10 50 49 ]

D: [ 189 1 1331 1273 2140 371 332 943 1387 562 841 30 521 1717 1188 1087 1251 264 1397 47 765 1835 1421 1839 2124 1473 234 987 723 162 420 913 1814 1260 1694 1320 1631 1534 1771 383 1604 469 2064 2125 44 1109 1069 803 1373 1975 358 1646 1175 1780 1342 1156 618 1577 0 1342 1247 2072 1763 426 1189 822 1254 185 213 883 568 1817 860 489 1308 904 1599 1885 1215 337 1717 1574 1984 258 719 1183 1414 1337 125 923 44 880 852 1315 815 1549 2137 2069 1734 207 ]

F: [ 1 1 2 1 2 1 2 2 2 1 1 1 2 1 1 2 1 1 1 2 2 1 1 2 2 2 2 1 1 1 1 1 1 2 1 1 2 1 2 2 1 2 2 2 2 2 1 1 2 1 2 2 1 2 1 1 2 1 1 2 1 1 2 2 1 1 2 2 1 1 1 1 1 2 2 2 1 2 2 1 2 1 2 1 1 2 1 2 2 1 1 1 1 2 2 1 2 1 1 2 ]

S: [ 0 15 
19 0 ]

A: [ 5 9 9 2 9 2 7 4 3 7 8 4 3 4 2 9 2 8 1 3 9 9 8 7 4 9 2 3 2 9 2 5 6 8 6 5 1 2 9 1 6 5 5 8 6 4 7 5 2 7 7 2 4 3 6 7 2 6 9 2 3 9 6 8 7 9 2 5 8 1 6 4 3 1 2 6 2 6 1 3 1 5 2 5 5 6 2 5 2 9 6 2 6 9 7 1 6 8 6 5 ]

B: [ 2 5 10 7 12 9 10 1 9 14 2 9 12 7 1 7 10 3 14 13 2 11 12 6 9 5 10 5 8 8 5 9 12 13 14 7 7 9 7 1 9 6 7 4 12 7 10 5 8 9 3 9 5 14 13 11 3 6 14 10 13 4 4 10 2 1 2 6 10 6 5 2 11 11 5 7 4 13 11 11 7 12 3 10 11 1 4 13 4 3 6 2 5 8 9 4 8 10 10 1 ]


----------


