100 4 1.5 L

P: [ 97 94 32 16 12 58 45 76 78 29 31 15 94 81 99 17 91 61 44 9 80 71 42 22 7 41 56 94 42 41 5 40 36 36 55 45 93 99 22 71 27 52 85 19 31 84 36 22 44 79 28 22 50 69 43 54 8 96 49 50 38 51 89 71 87 42 16 78 40 37 48 66 86 31 84 17 14 18 36 57 94 64 76 43 31 19 96 39 15 43 88 50 92 75 21 77 17 37 55 56 ]

D: [ 3332 549 6672 6865 3700 5007 7201 910 3597 828 4659 7205 3372 6664 5994 7117 1850 5373 1348 4274 7058 4319 1619 3418 3596 7505 4554 630 830 3359 4768 6618 3909 3762 5804 2385 1090 5326 3295 4687 930 2730 6668 4302 1715 7438 6196 3565 5133 7544 2615 6967 6640 4234 2706 5012 4061 2036 5642 7346 171 2732 6285 6535 1270 6865 1241 2360 6968 6991 1823 219 2042 813 6977 6212 3027 270 4553 481 2590 7169 7448 1551 3724 4930 6564 2561 1742 6982 4684 1914 4490 3290 770 5760 2477 4467 2896 4221 ]

F: [ 2 2 1 3 2 1 3 3 4 1 4 1 2 4 4 4 3 1 4 1 4 4 4 4 1 3 1 4 1 2 4 2 3 1 4 4 1 3 3 1 3 2 1 4 1 4 3 3 1 2 4 4 1 3 3 2 1 3 1 1 1 1 3 3 1 2 3 1 4 1 1 2 2 1 1 2 1 4 1 1 1 4 4 2 2 2 3 3 1 3 3 1 3 1 3 3 3 1 4 2 ]

S: [ 0 83 95 69 
100 0 68 74 
52 90 0 89 
64 90 63 0 ]

A: [ 2 9 8 6 2 7 1 6 6 8 4 7 9 5 2 1 7 9 2 1 4 6 5 6 2 9 6 8 7 1 9 6 9 5 1 1 2 1 5 5 6 8 2 6 3 2 4 1 1 3 8 4 8 1 7 1 1 3 8 5 1 7 9 7 2 7 6 1 7 1 3 4 8 5 7 9 4 1 7 4 4 5 6 9 3 3 9 1 4 5 4 4 9 3 9 8 9 5 8 4 ]

B: [ 14 13 13 14 11 2 2 2 9 7 8 7 7 12 9 14 8 11 3 9 6 1 1 12 7 6 13 14 11 5 13 10 3 9 10 13 11 11 12 5 2 5 11 8 3 5 7 10 13 8 2 5 8 14 14 13 4 12 10 14 14 8 10 14 3 5 10 13 13 7 1 14 12 9 8 12 11 12 7 10 3 6 12 9 5 11 7 8 6 2 8 6 10 3 3 12 5 13 8 3 ]


----------


