100 3 0.5 L

P: [ 70 53 25 29 14 6 41 76 17 1 70 19 81 45 77 89 36 76 68 37 42 31 33 84 45 1 56 90 53 19 83 23 71 6 52 82 12 90 59 26 90 27 43 69 72 20 58 6 93 27 43 36 57 73 20 1 73 73 88 25 91 69 47 61 75 96 41 84 84 99 10 73 25 50 42 94 67 1 99 61 25 40 94 79 14 12 77 84 84 66 9 73 33 54 32 8 48 73 91 33 ]

D: [ 2 497 2045 1972 1372 1303 1677 747 2425 922 215 135 1276 1435 1003 2255 75 2143 1410 1690 1366 339 2033 1435 1035 372 1587 1691 1472 868 58 1474 1365 1439 856 2073 2078 1869 2156 1913 2127 2371 1384 813 551 2387 2404 626 1940 1223 2316 715 1563 1095 1486 1934 803 483 370 2275 687 428 494 1388 1203 686 870 691 2556 436 13 1428 2143 733 1577 104 530 1391 66 1806 23 1719 1857 922 2150 753 266 2289 572 2563 1309 1259 401 1803 56 1604 2490 926 2295 1791 ]

F: [ 1 1 2 3 2 2 1 1 1 3 1 3 2 2 3 1 2 1 1 2 3 2 1 1 1 2 2 2 1 2 3 1 1 2 3 2 1 1 3 2 2 3 3 1 1 2 2 3 3 2 2 2 2 1 1 3 2 2 1 2 1 1 1 2 3 1 1 2 3 1 3 2 3 2 2 2 3 3 2 3 3 3 3 2 3 3 1 3 2 1 1 2 2 2 2 1 3 3 2 2 ]

S: [ 0 54 97 
59 0 84 
84 85 0 ]

A: [ 5 5 3 7 1 6 2 9 7 8 5 4 1 6 2 3 9 6 7 7 1 9 3 3 8 9 5 5 8 5 5 1 7 7 8 8 3 9 7 9 5 3 1 6 6 2 8 5 5 3 9 5 3 3 5 8 9 7 2 7 1 6 8 7 1 4 5 3 1 3 9 5 3 9 8 8 8 6 2 3 9 1 7 9 3 1 5 1 7 4 5 7 9 1 5 9 4 9 9 4 ]

B: [ 7 9 3 3 12 8 6 5 10 2 8 11 13 4 11 3 7 8 9 8 10 7 10 7 14 5 3 12 4 14 7 11 7 7 11 2 12 2 7 5 3 14 1 14 1 9 14 7 1 8 13 8 14 6 14 11 10 14 7 13 12 13 7 4 3 2 5 14 3 9 3 4 7 1 3 7 10 2 12 10 7 10 3 6 1 14 1 8 14 7 4 11 3 9 12 5 10 14 2 12 ]


----------


