100 5 0.5 M

P: [ 84 20 19 96 87 10 36 91 49 35 47 25 72 3 72 87 87 16 34 27 5 68 62 40 79 61 10 1 93 67 90 75 84 8 71 72 17 5 61 63 39 8 88 9 8 60 95 92 75 28 20 80 95 81 18 75 40 27 75 31 92 63 7 76 68 77 46 84 82 8 48 19 13 34 26 21 93 21 13 69 46 30 47 42 10 64 15 49 88 89 80 80 50 86 57 19 61 3 1 41 ]

D: [ 2101 1500 546 1499 612 706 11 388 412 1688 729 644 1608 1847 1342 2418 1719 1216 588 2430 705 445 1146 1315 567 590 1805 2029 485 1876 869 91 880 1415 1462 1365 1993 1473 1753 2406 537 2354 554 2145 1577 1768 2067 800 488 32 606 1065 349 1752 2380 917 2214 1562 322 76 942 1063 39 1822 2479 1373 563 1848 222 2188 1758 759 2046 2184 281 999 1328 2220 1799 1688 2252 2278 257 2474 1406 14 767 997 1576 1089 1073 22 2024 984 1716 1879 2357 2280 1232 83 ]

F: [ 2 1 2 1 2 2 3 1 3 5 2 2 2 4 2 3 3 3 4 2 4 3 4 2 4 2 1 1 1 3 2 2 1 4 4 2 2 2 4 4 3 2 1 4 3 4 3 5 4 2 2 4 1 5 5 5 3 1 2 5 5 4 4 5 4 4 3 2 2 2 1 4 5 3 2 2 1 2 2 1 3 3 5 5 4 4 1 4 4 3 5 1 1 3 5 1 2 5 2 3 ]

S: [ 0 89 56 87 92 
58 0 75 84 75 
99 91 0 79 98 
92 73 97 0 53 
92 97 52 79 0 ]

A: [ 4 5 3 1 8 8 7 3 9 5 1 9 5 8 2 4 3 9 2 1 1 9 4 9 3 8 9 8 5 8 1 8 1 4 7 9 9 4 9 6 6 7 5 2 5 6 3 8 6 4 6 6 1 9 4 1 6 1 6 8 8 7 6 7 1 1 6 9 5 3 5 8 1 9 9 5 3 9 1 8 1 6 3 9 4 4 9 9 4 6 5 9 3 8 6 3 9 9 9 4 ]

B: [ 3 3 12 1 6 14 13 4 2 1 9 4 1 1 9 8 4 8 13 10 2 1 1 7 1 5 5 13 14 7 2 2 7 11 2 10 8 13 14 8 13 6 11 13 4 5 5 7 10 1 2 12 2 14 2 14 4 7 10 2 11 9 3 2 5 3 11 13 13 8 4 9 13 14 5 2 2 9 6 11 10 5 6 9 5 8 6 8 12 1 9 8 9 10 9 11 10 4 7 6 ]


----------


