100 5 1.5 M

P: [ 75 80 55 76 19 69 97 62 49 62 18 79 7 30 1 51 66 95 40 17 15 86 37 2 28 87 22 45 88 85 43 61 63 96 37 79 65 35 41 12 94 56 91 98 85 89 49 50 85 88 66 99 72 3 98 97 87 19 42 75 2 83 37 64 79 71 41 42 6 80 51 98 36 40 96 20 30 44 69 13 32 33 10 3 36 7 97 23 25 40 96 26 23 31 87 99 2 26 39 6 ]

D: [ 2646 6484 3701 3997 670 3922 5200 7089 7241 3843 5366 575 5103 5058 5995 4076 3076 464 7076 134 4459 7597 7518 3942 58 2654 5523 6231 6568 6310 7552 1322 5483 3941 5899 6153 7864 3207 5930 7793 7630 3404 476 5422 1150 7051 1606 4227 204 1370 4941 4663 1075 5148 714 1133 7802 6817 53 6478 5236 293 489 2827 4235 6388 1668 4787 2284 286 4688 2022 4270 5165 7444 5420 4324 1159 1755 5108 3109 7277 1880 4185 4533 3174 5898 4443 2099 5951 3610 23 6245 4099 3430 3168 2595 5098 63 4879 ]

F: [ 1 1 2 1 3 1 5 3 5 2 2 5 5 1 1 5 1 3 3 5 4 1 1 4 1 1 5 3 4 3 3 5 5 1 2 3 3 1 2 3 5 5 4 4 1 4 1 3 1 3 2 1 3 3 1 5 5 5 2 5 4 1 1 4 1 3 3 4 5 4 3 4 3 1 5 5 1 2 3 3 4 4 1 3 3 1 2 2 3 5 2 1 1 2 4 3 1 1 1 1 ]

S: [ 0 64 88 56 71 
82 0 53 59 65 
80 53 0 100 79 
88 97 74 0 52 
95 86 88 83 0 ]

A: [ 3 6 7 7 8 7 2 9 4 9 8 6 7 1 3 1 2 7 6 7 9 2 7 2 4 3 4 2 1 9 5 1 5 2 7 3 9 6 2 1 5 7 6 3 8 7 3 9 4 6 4 1 8 1 3 9 2 6 1 2 3 6 2 7 7 6 7 4 2 9 4 7 6 8 7 2 5 7 8 8 3 3 8 8 1 8 8 2 2 6 3 4 2 2 1 7 7 6 1 7 ]

B: [ 12 2 13 12 14 13 2 2 6 11 10 6 9 11 4 1 6 10 12 10 5 12 1 4 14 11 8 11 10 2 7 5 3 5 1 14 1 14 1 6 10 8 11 3 3 12 1 8 5 12 1 10 9 1 11 9 10 2 3 3 3 9 8 4 11 6 3 11 5 2 14 12 7 8 12 9 6 12 14 10 8 1 3 14 13 13 6 8 14 8 11 1 2 2 2 12 7 4 6 9 ]


----------


