100 3 3.5 M

P: [ 70 41 40 72 11 16 24 65 55 90 7 50 64 66 27 2 23 74 51 68 10 30 20 7 40 8 87 58 47 79 62 15 21 2 86 31 15 8 93 70 96 99 18 58 65 42 59 87 15 10 54 24 37 71 30 76 78 18 33 23 94 94 38 15 95 22 43 9 30 36 78 24 35 93 81 97 36 38 85 50 47 37 71 83 8 1 57 85 16 89 6 11 83 43 23 77 65 66 85 92 ]

D: [ 16102 10614 7029 16811 16082 11264 3333 6093 15862 6385 1006 9855 10631 8659 9402 8248 15834 12453 6378 10490 10168 9407 3203 12804 10544 12159 8866 3517 12849 13562 14368 12024 1310 15458 11908 466 3856 9303 6559 2791 9749 1627 12646 3454 4347 5121 5763 3254 11636 6203 13745 15865 15610 11009 5803 3288 6241 8731 6806 2163 5366 15235 14188 6677 7828 3230 1204 11684 6594 1824 14476 16344 14439 4256 13859 1860 3439 2695 5114 15075 8898 12920 8074 1642 7003 13877 4931 7305 5681 5798 9469 5109 4106 791 5847 5995 15009 7051 753 4677 ]

F: [ 2 2 3 3 1 2 1 3 1 3 2 1 2 1 2 1 2 3 3 2 1 1 3 2 3 1 1 2 1 2 1 3 1 1 2 2 2 2 2 3 2 1 3 3 2 3 1 1 3 2 1 1 2 3 3 3 1 3 2 1 2 2 1 2 2 2 1 3 1 3 2 3 1 3 3 3 3 1 1 2 2 1 2 3 1 1 3 1 1 1 3 2 2 3 1 1 3 2 1 3 ]

S: [ 0 55 54 
71 0 76 
98 80 0 ]

A: [ 4 5 3 5 1 2 5 6 8 6 9 5 4 4 5 7 8 5 8 4 9 1 2 7 4 9 1 7 8 1 4 2 3 4 7 3 5 9 8 3 3 6 7 5 9 1 2 6 3 7 9 2 7 1 8 9 7 6 4 5 6 7 4 8 8 8 2 3 8 7 3 1 3 8 3 1 8 5 6 8 2 5 9 7 3 6 4 7 2 7 9 8 2 3 6 9 2 5 2 7 ]

B: [ 6 7 5 3 2 3 2 11 3 14 8 5 14 9 5 7 4 6 1 6 3 8 13 14 11 3 7 1 11 9 6 2 2 10 3 3 10 4 12 12 2 5 3 1 11 7 6 12 13 6 4 13 12 2 13 8 2 3 6 13 10 11 14 11 4 2 11 14 4 8 11 5 11 11 3 7 4 6 5 14 10 8 12 7 7 8 14 9 9 5 5 4 13 2 12 14 4 8 13 5 ]


----------


