100 5 3.5 M

P: [ 90 2 84 64 50 73 94 76 43 55 29 91 80 63 94 98 40 57 33 55 75 38 77 92 13 52 85 38 78 87 39 69 87 23 31 37 93 25 11 36 77 40 25 55 1 17 53 40 72 83 95 47 21 72 39 32 25 22 69 3 8 6 69 94 26 99 29 20 22 40 53 96 77 78 51 77 94 3 17 66 83 12 12 3 82 48 34 7 70 1 7 75 7 74 69 30 71 95 49 93 ]

D: [ 17361 3832 11911 10313 1554 17879 7301 4964 18007 14059 6644 3290 13548 9176 9906 87 15854 10199 14877 2561 8611 4834 11937 12817 5174 13370 15304 14304 15597 8575 12210 14785 13996 5949 6926 15550 5655 15816 2341 5489 13291 10574 10368 8667 3166 2102 10343 2437 13890 8637 4998 4328 13471 352 561 2061 15311 17455 16365 12735 9446 11992 10937 5269 17941 17863 2646 7012 17095 6576 14090 12214 567 6285 4297 3733 9976 14640 6170 5694 6693 12758 11611 3580 13110 13762 5641 11837 14633 5423 6400 5906 17415 17337 11175 17183 443 15410 7611 17538 ]

F: [ 5 3 3 4 3 2 1 2 2 2 4 4 5 4 4 1 4 1 2 5 4 1 4 5 3 2 2 4 2 4 4 4 3 2 2 3 5 4 4 3 1 4 4 5 2 2 3 3 2 4 4 3 1 3 2 3 1 1 3 5 4 1 3 4 4 1 1 4 5 1 3 5 1 1 1 4 2 3 1 1 3 2 3 3 1 1 2 1 1 4 2 2 5 4 5 5 2 2 3 1 ]

S: [ 0 79 68 53 98 
61 0 83 62 53 
78 99 0 73 80 
59 91 84 0 80 
93 87 60 78 0 ]

A: [ 4 2 2 5 9 1 3 3 9 9 1 8 8 3 7 7 6 3 6 1 7 8 6 1 3 1 6 8 5 1 2 6 2 1 8 1 1 1 4 7 7 4 5 3 5 9 1 1 9 6 8 7 3 2 7 3 3 4 1 7 2 9 1 3 7 8 1 7 6 2 4 4 4 6 6 8 3 4 6 3 1 4 7 1 5 2 3 7 3 2 2 4 8 2 4 6 9 5 1 4 ]

B: [ 12 11 14 2 11 3 10 14 12 7 4 6 7 7 8 14 11 2 12 4 3 4 10 13 3 12 2 5 5 13 13 14 9 12 2 4 12 9 3 9 2 4 12 6 10 3 5 4 5 3 7 5 4 3 1 6 12 2 8 2 13 6 1 7 1 14 10 13 9 10 5 8 13 1 13 6 3 2 10 5 2 14 10 5 2 8 8 11 10 2 12 8 7 11 12 8 10 6 4 2 ]


----------


