100 3 2.5 S

P: [ 1 86 38 76 35 79 62 66 99 41 39 23 37 46 96 65 69 5 9 34 1 18 29 89 90 1 1 94 4 44 76 2 28 14 77 62 90 38 28 89 76 65 13 11 11 7 76 79 12 84 12 12 99 38 99 89 36 99 82 39 43 56 38 70 69 14 32 60 51 58 47 25 23 57 35 33 64 11 10 73 92 19 82 89 56 81 77 91 80 59 28 21 15 66 90 81 79 21 39 28 ]

D: [ 12110 8788 9741 2944 2147 8456 8194 8807 5634 4759 658 4601 11327 1989 8372 1970 11316 8775 2068 8701 3875 11212 10580 9703 3532 1495 3504 8419 8804 11149 6770 9932 8955 4053 418 11102 1528 10088 7452 7162 3865 9586 781 2734 11575 9153 6181 11910 5470 8249 9629 10821 7003 9227 9542 10536 12198 589 7973 10020 756 3762 7494 11187 9291 9388 9831 10819 7018 6301 5523 12360 4906 7781 2636 5499 4476 8817 6427 11423 6084 5074 9786 2106 1844 6871 1660 3060 8936 9633 623 9692 2413 8117 8421 723 6524 7270 560 1084 ]

F: [ 2 1 2 1 1 1 2 3 3 3 1 2 1 1 1 1 1 1 3 1 3 1 2 1 2 1 1 1 2 3 1 1 3 3 1 1 3 1 2 1 3 3 3 1 3 3 2 1 3 2 1 2 3 2 2 1 3 3 2 3 1 2 3 1 1 2 2 2 2 3 2 2 3 1 2 1 1 1 1 3 3 2 2 2 1 2 3 1 2 1 1 2 3 3 3 1 1 1 2 3 ]

S: [ 0 11 6 
11 0 10 
1 5 0 ]

A: [ 4 5 6 8 8 1 1 5 2 4 9 7 5 1 5 8 1 1 6 6 6 1 1 5 4 8 6 1 5 5 1 9 8 5 7 6 5 5 1 6 8 7 4 2 6 6 7 4 7 3 9 3 4 7 5 7 3 1 5 7 4 6 4 2 1 8 5 3 3 4 8 9 8 9 1 4 6 5 7 1 8 4 1 9 8 5 4 1 4 8 8 7 2 9 6 9 8 1 2 1 ]

B: [ 5 7 11 3 10 12 5 7 2 13 11 2 7 12 5 12 11 8 5 13 10 6 3 6 4 10 2 14 13 4 3 2 10 14 4 3 9 6 10 10 4 6 9 11 2 13 8 10 6 10 8 14 2 8 5 5 3 6 2 1 9 4 14 2 1 3 5 10 9 12 3 10 3 12 6 2 10 11 11 14 7 2 11 8 9 1 10 11 4 11 10 11 12 9 12 11 10 14 6 2 ]


----------


