100 2 2.5 L

P: [ 80 52 23 41 34 26 60 63 11 63 99 9 77 67 8 30 52 65 43 46 21 7 1 23 95 30 59 89 75 27 9 56 79 31 94 11 55 52 73 65 15 71 72 89 38 79 18 87 44 58 31 63 64 31 85 57 58 43 44 34 67 52 87 44 80 79 54 35 30 26 98 44 96 70 32 32 49 47 19 91 3 50 54 66 78 37 21 37 77 62 68 45 12 55 86 91 32 41 25 61 ]

D: [ 8444 11640 611 11827 7526 4307 135 7563 4459 1006 6763 6966 6648 12 4959 12151 11321 981 10059 9040 8353 12138 11090 1372 10828 9905 9121 6568 5864 6221 7927 1520 5073 8538 5751 5003 57 5886 12567 4516 12084 6542 3886 5945 6555 8845 10500 10280 9826 7771 11724 10583 12313 10027 11955 2757 12336 8288 1729 5412 6914 9656 12124 4391 5406 5087 9395 5463 3377 1578 2383 2673 8120 6269 1022 7079 7518 3926 9763 9748 11697 8700 12735 3626 5939 11902 11575 10679 12595 517 3303 11913 2577 7831 3516 7984 5322 5315 5851 8699 ]

F: [ 2 2 1 1 1 2 2 2 2 2 2 2 2 2 2 1 2 2 2 1 1 1 2 2 2 1 2 2 2 2 1 2 1 1 2 1 2 1 2 2 2 2 1 1 1 2 1 2 1 2 1 1 2 2 1 1 2 2 2 2 1 2 1 1 1 2 2 2 2 1 1 2 2 1 2 2 1 1 2 1 2 2 2 2 1 2 2 1 1 2 2 2 1 2 2 1 1 1 1 2 ]

S: [ 0 99 
55 0 ]

A: [ 3 2 4 8 3 3 6 8 8 2 1 5 2 6 9 2 4 7 3 5 3 6 4 7 5 5 6 9 8 9 2 8 8 5 6 8 7 2 6 6 2 4 1 3 8 8 4 2 3 4 5 3 8 8 9 3 2 5 9 7 2 1 5 8 4 9 4 1 1 1 4 9 2 3 3 9 1 4 9 1 6 4 3 2 9 9 4 1 5 1 5 4 1 1 9 4 9 4 3 7 ]

B: [ 6 2 7 12 2 8 3 8 3 4 14 2 7 7 14 8 14 13 1 9 1 6 12 5 13 7 3 6 7 9 6 10 11 10 5 10 3 7 2 3 8 1 5 14 6 2 6 3 1 6 9 13 11 6 1 10 10 4 13 14 12 4 9 6 13 14 14 13 6 1 2 14 13 4 11 2 3 2 4 1 5 10 14 2 14 12 11 9 1 7 9 11 9 3 14 5 14 13 4 4 ]


----------


