100 4 2.5 L

P: [ 77 19 85 67 30 92 97 91 16 86 4 50 19 82 79 15 60 69 29 40 51 70 90 66 8 2 48 79 14 73 83 89 92 66 56 22 57 53 11 70 39 13 20 55 94 97 69 52 66 97 92 17 65 80 80 70 81 28 50 94 2 31 81 91 94 37 11 49 87 21 20 25 31 37 79 25 34 49 77 97 44 67 14 10 47 93 77 26 20 27 18 19 55 99 10 48 34 18 96 22 ]

D: [ 2519 3345 4741 11298 1130 3388 6559 7704 12587 6455 9916 3962 8958 8354 2547 1685 5331 2155 6660 8570 101 126 4142 20 5264 6561 9463 10812 8837 3430 2139 11356 10157 6880 9433 1448 430 2772 9153 3178 12609 5848 7140 11729 4363 13069 193 13076 2004 10236 8425 5487 10362 2728 5507 5787 12671 5132 3378 8287 11944 8900 9805 8880 5941 9399 10329 9753 12171 9643 12932 1721 2270 10233 229 6633 243 3804 9871 2247 819 8457 7734 1342 11186 3402 10511 10636 8534 4051 9085 7257 12951 9051 6299 5671 5229 6789 5586 7562 ]

F: [ 3 2 3 2 4 3 2 2 1 4 3 1 1 2 2 1 1 4 2 4 2 2 4 3 2 2 3 4 3 1 1 1 2 3 2 2 1 3 3 1 3 2 1 3 3 3 3 3 2 4 3 3 2 2 1 3 3 3 2 1 4 2 1 1 4 2 2 4 4 1 1 2 2 1 4 4 3 2 3 4 2 1 2 3 2 2 1 4 1 3 4 4 4 4 4 4 1 2 3 4 ]

S: [ 0 68 62 97 
62 0 88 51 
69 62 0 74 
89 99 77 0 ]

A: [ 5 5 7 4 3 3 9 8 8 2 2 7 6 9 4 8 2 6 8 1 9 6 1 5 4 8 4 3 4 8 2 9 4 6 1 6 9 8 2 5 7 1 2 4 9 3 9 9 9 7 9 6 1 8 1 3 6 4 3 7 1 5 4 4 8 3 7 7 1 8 3 7 8 2 8 5 5 8 4 4 3 2 9 4 9 7 6 3 8 6 9 8 1 2 2 9 4 8 4 4 ]

B: [ 14 8 11 3 9 8 3 4 1 12 10 5 4 2 11 9 8 7 5 5 4 14 1 14 10 1 7 3 8 9 2 5 14 10 8 8 3 8 9 1 5 4 6 7 5 14 13 12 7 4 1 10 1 1 7 10 13 14 12 4 6 11 9 5 6 14 11 7 7 5 7 9 9 12 13 11 10 12 7 2 1 7 9 1 5 1 8 3 12 5 5 3 13 13 6 4 10 2 10 14 ]


----------


