100 4 2.5 M

P: [ 26 11 90 65 98 88 95 82 47 10 88 59 86 18 93 35 33 24 81 45 69 79 20 64 89 22 50 76 80 44 55 4 52 43 66 50 29 61 33 76 70 21 33 56 36 24 88 68 47 70 11 14 47 31 75 36 50 26 12 29 67 64 32 20 7 98 69 36 59 99 10 28 18 42 81 53 65 70 22 10 40 30 23 86 60 97 20 9 21 29 37 88 93 66 8 99 64 74 33 22 ]

D: [ 863 4692 10540 12265 11267 2799 6873 8854 1779 4417 10643 1321 981 2644 3582 8662 6600 12511 4609 10778 10362 1477 12350 6296 8965 11464 6788 7841 10843 5136 1425 11706 9828 11965 8723 5848 12089 3023 12027 1296 4765 10098 2617 5747 169 6200 11734 4094 3463 3770 2300 1252 2572 11975 4873 11537 8192 8987 4130 6462 11448 5555 2920 6028 2272 11643 11876 1789 11992 8656 3085 4184 6181 3027 7256 3675 6552 6417 7770 10016 10187 7395 8593 186 6797 10792 11724 2416 7206 3281 6203 3406 6162 9123 9434 8434 5519 6063 7548 4938 ]

F: [ 3 1 2 1 3 2 4 4 4 4 1 1 3 4 3 3 1 2 2 4 1 3 1 4 3 4 4 2 1 2 1 3 2 3 3 4 4 3 4 3 2 4 3 1 3 2 3 3 3 4 2 3 2 2 2 1 2 2 2 2 3 3 1 4 1 3 4 4 1 3 2 3 2 1 3 1 2 1 3 4 4 1 3 2 2 4 2 3 1 3 1 3 1 1 3 1 3 2 4 4 ]

S: [ 0 72 55 92 
62 0 97 67 
71 54 0 76 
94 58 95 0 ]

A: [ 2 3 5 5 2 5 8 7 2 3 3 3 3 3 4 3 1 1 9 5 9 6 5 2 8 5 8 6 3 5 3 4 7 5 6 8 8 2 4 7 4 6 9 4 6 3 5 6 2 4 8 8 8 3 8 6 7 6 1 9 8 3 1 4 5 7 9 1 6 3 7 1 6 7 2 2 7 6 5 6 8 3 5 6 4 3 9 1 6 9 8 3 9 6 6 3 1 5 3 7 ]

B: [ 6 12 3 10 9 11 6 14 2 11 12 11 1 8 8 9 12 13 2 7 3 11 11 12 11 4 11 10 4 6 14 7 3 2 2 9 11 5 8 12 2 5 6 14 10 11 8 5 9 7 12 9 4 6 7 12 8 1 7 11 6 5 1 8 6 2 14 2 7 8 11 6 10 14 5 4 10 10 6 3 2 1 11 3 7 1 12 12 2 5 6 7 7 6 13 12 7 12 12 11 ]


----------


