100 5 2.5 M

P: [ 38 56 75 20 19 20 77 87 20 13 69 30 61 48 55 41 89 56 15 3 39 21 38 93 4 44 27 65 4 4 10 39 58 84 58 74 2 35 62 19 45 31 49 4 76 2 44 63 55 58 65 94 76 4 87 79 47 12 45 48 13 52 86 70 34 44 45 35 76 5 53 19 33 99 22 9 2 65 70 56 21 35 48 96 36 35 74 81 46 17 29 59 68 14 27 2 55 69 34 30 ]

D: [ 2871 2893 2537 15 1837 10068 2366 6002 9572 4803 2806 8905 7146 7923 7624 1400 3295 1998 2857 1227 1444 8016 2459 4837 4557 8492 6468 11016 3764 1972 8933 8562 4866 419 10505 8630 10487 3747 3581 10936 10477 8314 8790 8499 7113 5363 9899 10409 9289 3632 585 10733 598 4971 4520 5155 2412 1864 7047 8103 3837 4929 7542 8703 7276 6996 6282 8639 1619 739 8524 1045 9053 8190 420 5116 4430 10320 6401 2668 2901 6986 4277 5426 2833 10724 1458 5245 3465 8505 4225 7302 4311 716 6881 536 9639 4039 9175 2134 ]

F: [ 1 3 1 4 1 4 1 3 2 5 3 4 1 1 2 1 1 4 4 5 2 2 3 1 1 2 1 5 5 1 2 2 3 4 1 1 4 3 5 3 3 3 1 5 5 2 1 2 3 1 2 1 2 4 3 4 1 3 3 2 3 1 1 3 1 3 5 1 5 1 3 4 3 3 4 4 2 4 1 1 1 2 3 2 2 5 2 2 2 1 1 1 1 1 3 3 3 4 3 4 ]

S: [ 0 99 98 71 68 
85 0 57 73 85 
73 79 0 77 58 
56 94 84 0 51 
64 65 85 99 0 ]

A: [ 3 6 2 3 4 9 9 7 1 1 9 4 7 6 6 3 4 8 8 2 9 8 1 6 3 5 1 3 1 9 4 1 3 3 3 6 3 9 3 3 1 9 4 5 6 7 7 9 6 4 9 3 2 9 7 2 3 5 2 1 2 6 2 4 8 2 9 8 2 9 1 9 8 2 4 4 9 9 4 3 3 3 5 4 9 9 3 9 4 5 8 5 1 7 8 6 8 5 5 9 ]

B: [ 3 3 2 4 1 9 1 1 5 2 2 9 8 8 6 12 6 14 14 8 12 10 4 3 1 12 12 2 2 2 12 2 2 12 5 2 6 4 2 10 5 1 2 13 9 7 8 14 4 5 5 2 1 8 2 1 4 11 14 3 12 12 4 14 7 9 1 12 10 3 5 12 1 6 8 9 12 1 6 1 6 9 14 4 14 2 2 3 12 2 3 10 11 7 9 3 13 9 14 8 ]


----------


