100 3 1.5 L

P: [ 52 28 10 59 76 42 97 90 55 57 11 7 75 40 29 69 7 14 78 52 90 37 65 56 7 82 75 7 8 74 14 57 99 21 15 76 62 12 64 17 68 74 22 44 12 50 11 19 61 87 68 51 22 33 6 28 13 80 32 18 52 45 74 52 63 88 26 26 97 89 40 66 62 61 8 73 11 16 89 72 1 57 21 22 87 26 48 99 4 79 15 54 23 89 4 85 75 27 11 73 ]

D: [ 2929 771 3896 4176 4783 2787 942 183 6446 3292 1829 1551 1039 1146 3211 5585 1617 3289 2596 70 4994 1297 3690 4760 5907 4067 2981 5378 939 4623 5862 3869 2876 2715 5527 616 5502 3951 5324 4905 4726 110 3938 5765 5782 107 1789 356 878 1867 4951 3354 647 1599 1071 6554 3148 4053 2371 4088 6158 1190 5439 1991 3905 1405 89 6889 2839 5414 2234 522 5524 6172 6287 1745 3761 5558 2101 4640 383 10 951 1030 6134 6548 5066 2239 3558 395 3809 155 1585 2205 2146 5491 1093 6760 5337 3932 ]

F: [ 3 1 1 2 3 3 3 3 3 1 3 2 3 2 2 1 3 2 3 1 1 1 3 3 1 2 2 1 3 2 2 3 3 3 1 2 2 3 2 2 1 2 3 1 1 3 1 1 2 2 2 2 2 1 2 3 3 1 1 1 3 3 3 3 3 1 2 2 3 1 3 2 3 1 3 1 3 1 1 1 3 3 3 2 1 1 1 2 2 2 2 2 3 1 2 3 2 3 1 1 ]

S: [ 0 60 91 
77 0 74 
61 74 0 ]

A: [ 9 5 7 8 8 4 1 8 5 8 9 3 9 5 2 8 9 2 9 7 5 4 7 5 3 5 4 8 2 5 5 8 9 9 4 5 3 2 1 7 1 1 1 7 5 9 6 2 8 5 7 3 9 2 5 2 7 9 7 8 2 3 4 9 9 8 2 3 9 3 9 7 3 7 5 5 4 1 4 2 3 1 4 9 3 7 1 7 4 6 5 5 6 6 4 5 2 6 7 2 ]

B: [ 12 13 2 14 13 4 9 14 9 14 4 10 14 5 1 7 9 5 3 1 4 12 14 8 9 7 11 2 8 11 14 5 9 13 4 7 1 10 4 9 7 8 4 6 10 3 10 2 5 12 14 6 7 13 13 14 5 7 1 12 3 12 14 9 8 3 14 8 10 3 3 3 8 4 6 3 4 14 4 8 9 3 13 2 2 11 1 4 2 1 14 4 10 13 13 3 14 10 11 9 ]


----------


