100 4 0.5 M

P: [ 41 66 27 5 73 83 63 53 47 38 66 80 58 29 53 61 79 64 44 59 35 47 41 51 56 78 16 16 22 36 51 62 2 75 65 72 59 26 25 4 64 89 83 22 18 34 82 94 98 24 53 33 70 93 83 26 70 96 40 91 30 88 51 31 64 16 1 21 42 24 22 6 13 5 25 28 36 5 22 34 28 72 65 96 65 46 20 33 43 59 22 70 48 73 99 10 86 99 30 26 ]

D: [ 287 234 322 970 2225 1430 1468 1111 2114 226 808 1859 2132 1289 502 757 633 651 14 1930 2266 2352 1719 2407 445 867 2359 1588 378 2216 1957 111 1895 1724 1081 1697 732 127 2253 423 2221 638 1727 1931 1372 1674 265 2006 2326 2147 958 1614 2076 254 1598 98 566 1534 1687 945 772 666 1056 244 2390 2137 1941 699 1709 1216 568 1508 1855 1740 461 249 992 726 1700 895 2318 236 1954 1972 490 1129 1515 1057 2108 224 1447 457 335 80 146 303 1662 1532 447 949 ]

F: [ 4 3 1 2 1 2 1 4 3 3 3 2 1 2 4 3 3 4 2 2 2 2 3 2 2 1 4 1 2 2 1 1 1 1 3 1 2 3 4 4 1 2 2 2 3 1 4 1 4 1 2 2 2 4 3 3 4 2 3 1 3 4 1 3 4 3 3 2 1 2 1 2 3 2 3 1 3 2 1 2 2 2 3 3 1 1 1 4 2 3 4 1 2 1 3 2 3 2 3 4 ]

S: [ 0 100 64 99 
77 0 82 86 
54 100 0 80 
99 100 54 0 ]

A: [ 5 3 4 5 2 2 8 6 7 1 1 1 1 6 3 2 4 5 4 8 9 4 4 2 1 8 9 3 5 3 1 1 5 4 3 4 5 8 9 3 6 9 1 6 4 3 8 5 5 9 3 4 4 4 4 2 3 3 3 7 5 3 5 7 7 5 2 2 2 8 2 7 6 9 4 7 9 9 2 4 6 5 6 7 8 9 9 1 2 2 6 5 4 8 2 8 4 1 8 3 ]

B: [ 3 6 13 2 13 6 3 10 6 3 4 10 7 13 7 2 1 9 13 1 7 12 9 7 7 8 7 5 14 14 4 2 4 14 1 14 6 1 9 11 4 10 6 10 8 13 9 8 5 8 7 12 3 1 2 7 6 6 9 6 4 12 5 5 12 6 4 1 6 10 11 9 6 1 3 13 13 9 7 1 2 11 10 3 11 11 7 3 1 2 6 2 11 10 6 8 13 9 6 5 ]


----------


