100 4 3.5 L

P: [ 42 72 17 20 1 36 70 83 2 58 22 63 72 20 75 46 46 1 78 84 20 87 52 38 49 67 86 97 34 51 1 73 21 15 92 22 51 62 3 50 18 22 11 88 41 85 34 84 84 12 67 4 98 19 41 46 85 25 43 17 74 42 87 94 54 79 14 3 39 16 53 56 38 63 42 76 47 75 59 29 85 26 32 81 42 70 27 27 94 68 41 66 8 28 59 61 5 72 64 43 ]

D: [ 15457 2789 14630 645 16607 6566 15321 8579 12927 6839 4650 7212 13779 14985 6137 12511 2519 8544 5690 5847 2706 9485 12093 14366 8333 7924 10882 1573 7898 1356 2310 6407 4145 16941 4484 1236 3991 2857 7248 16918 9697 11898 7183 3960 9936 10752 16472 9887 2348 2646 13166 5055 12132 5744 16853 949 13668 10787 16903 4618 12143 2265 8457 13720 16638 12941 12389 1113 15799 2689 15464 5980 14587 5699 9940 5007 16451 6896 12327 16231 9543 5977 4338 4727 11721 1676 3108 8442 12463 3063 10492 5091 2761 2002 16243 16831 14943 11684 15377 13794 ]

F: [ 2 2 3 2 1 4 1 4 4 4 3 3 2 2 2 3 2 3 1 1 2 2 4 3 4 4 3 3 4 4 2 2 1 4 3 1 3 3 4 3 3 2 1 4 3 3 2 4 1 3 1 2 4 4 1 3 3 3 1 3 2 2 4 2 2 2 2 4 4 1 2 2 2 3 1 1 1 3 4 1 1 4 2 4 4 2 2 2 4 2 4 1 4 3 2 1 4 3 4 4 ]

S: [ 0 71 62 81 
78 0 68 52 
84 58 0 66 
54 58 91 0 ]

A: [ 6 1 6 6 6 1 8 4 2 1 3 3 4 7 9 8 1 5 3 7 4 1 4 9 2 7 8 8 2 3 1 5 3 6 1 8 4 6 3 6 6 3 8 1 9 6 6 7 1 6 5 2 6 8 1 8 6 6 4 5 8 3 7 1 8 5 7 3 1 9 6 7 9 2 5 8 7 8 4 7 4 8 6 9 4 4 5 7 9 9 9 7 2 6 8 7 1 5 7 9 ]

B: [ 13 9 14 11 1 13 7 4 14 2 11 1 2 10 2 4 6 14 11 3 12 1 8 6 9 9 3 6 4 5 3 2 11 2 10 11 12 2 1 11 2 11 9 3 4 10 4 9 7 13 12 4 11 3 7 5 11 10 8 14 12 10 13 8 11 8 3 6 7 1 14 8 9 8 9 12 2 12 7 6 10 2 8 4 4 14 9 14 9 2 11 4 10 9 12 4 2 12 10 8 ]


----------


