100 3 3.5 S

P: [ 27 10 88 78 66 24 30 8 64 1 87 33 46 33 80 31 98 46 79 35 26 95 21 75 39 21 69 74 42 79 73 66 86 59 42 50 83 71 57 45 70 43 75 16 75 53 46 71 98 23 4 22 18 25 95 57 43 64 29 82 43 2 47 30 60 88 77 41 58 35 83 28 77 58 41 50 11 86 19 7 8 22 29 25 44 24 79 86 87 8 69 28 9 16 55 67 2 33 8 59 ]

D: [ 9298 3717 12917 663 3066 3565 10107 16874 14730 5200 16884 394 7631 8996 3581 16095 7915 5173 16757 15206 1139 13008 15347 3044 11271 3015 15772 2389 158 7506 12933 2138 11223 8893 2801 6972 5140 12908 16528 12552 10790 16454 12946 1464 8493 9210 10241 9090 14383 10040 7339 8204 6091 15368 11248 404 1425 10062 12433 11224 611 8409 13362 11834 9984 8846 11488 15124 14436 11058 10719 8269 10555 16347 9733 11730 8599 12656 3862 15664 5738 3883 6911 4511 2293 1201 14556 13359 11264 10031 307 4557 11122 6351 9073 4148 15197 3604 2315 12676 ]

F: [ 2 2 3 2 3 2 3 2 3 1 2 3 3 1 2 1 1 1 2 1 3 1 3 2 2 2 1 1 3 2 3 3 1 2 1 1 3 1 3 2 2 1 1 1 3 3 2 1 3 1 2 1 1 1 2 1 3 3 2 3 2 1 3 3 2 3 3 2 3 2 1 2 1 1 3 3 2 2 3 2 3 1 3 1 2 2 2 1 2 3 1 1 3 3 3 2 1 3 1 1 ]

S: [ 0 6 18 
6 0 1 
7 15 0 ]

A: [ 8 1 7 8 9 4 9 6 2 7 7 3 6 8 1 1 2 7 5 6 4 2 8 4 2 7 8 5 7 7 7 3 5 3 9 4 4 8 7 5 4 5 6 9 1 6 7 1 1 2 6 4 3 2 8 3 6 4 7 3 1 3 4 3 3 3 4 6 8 2 9 2 4 3 8 2 6 6 2 6 7 5 1 8 6 6 8 1 9 3 3 7 5 4 7 5 4 1 9 3 ]

B: [ 6 4 7 10 2 8 12 12 12 7 1 8 6 6 12 8 7 8 3 4 4 2 7 12 12 10 3 6 13 6 3 4 7 9 12 6 2 9 3 11 13 1 5 4 5 2 10 11 10 10 1 11 9 5 8 7 13 8 10 11 13 12 12 3 6 7 8 6 13 8 2 12 7 4 1 9 6 8 3 13 4 3 9 12 6 14 2 2 8 11 12 4 8 7 7 12 14 12 3 12 ]


----------


