100 5 0.5 S

P: [ 55 15 78 64 68 25 55 31 92 69 85 95 89 99 15 11 5 83 77 15 43 98 56 96 13 93 29 93 16 21 25 68 34 3 30 2 25 84 30 17 54 15 12 43 13 25 54 15 8 29 29 50 26 82 44 38 75 73 30 88 91 54 56 25 54 85 24 78 68 51 94 22 64 5 62 76 29 14 90 34 41 17 82 66 97 26 2 72 96 29 59 86 82 15 9 36 98 31 12 66 ]

D: [ 916 1378 2306 1367 2293 1456 1324 1268 1475 1452 2426 2087 479 2257 2226 669 487 649 194 1626 920 2050 1624 617 733 1304 903 865 704 1822 2302 1640 748 2156 556 609 1180 1880 1877 203 901 1852 2310 1380 1677 2104 2069 2164 302 2283 1359 1222 1902 551 1859 183 1855 330 1068 127 2153 918 1768 469 642 2324 1079 1842 1772 504 2066 221 2376 1944 1621 1622 1597 1258 1334 1899 1090 261 669 560 813 76 743 236 427 1831 364 128 317 2132 597 959 2024 1696 369 1344 ]

F: [ 3 4 2 3 1 3 3 5 3 3 2 2 4 2 5 5 5 1 3 4 5 3 4 1 1 1 3 4 4 2 5 1 3 1 4 5 4 1 4 3 3 5 1 4 1 5 5 5 2 2 1 1 1 1 3 1 1 2 4 5 3 1 2 5 1 5 4 1 1 4 5 5 3 5 5 5 1 2 2 2 3 2 4 1 2 3 1 5 4 2 1 4 2 2 3 4 2 4 2 4 ]

S: [ 0 9 6 13 2 
3 0 15 3 8 
11 19 0 10 10 
2 13 10 0 9 
18 8 13 1 0 ]

A: [ 2 1 7 7 4 2 1 6 8 4 9 2 6 7 1 9 2 7 3 6 9 3 4 3 6 1 6 2 4 6 2 3 4 9 9 7 8 7 2 6 2 1 7 5 7 6 2 6 1 2 2 9 5 6 9 8 6 3 9 7 8 1 9 2 7 6 7 5 1 8 1 2 8 6 4 4 2 5 9 9 7 9 8 9 3 6 7 6 8 4 3 5 2 9 6 9 3 1 4 3 ]

B: [ 7 7 1 9 1 5 11 2 12 6 14 10 10 9 14 9 6 5 13 1 5 9 11 2 7 6 10 2 7 8 4 11 12 4 5 12 6 13 11 3 5 10 10 12 2 9 7 8 11 3 8 1 10 4 1 2 7 8 4 13 1 5 10 10 8 14 5 13 11 1 14 1 8 9 10 10 2 14 1 12 3 8 11 12 9 11 11 1 4 12 12 3 2 7 10 9 4 1 6 14 ]


----------


