100 2 3.5 S

P: [ 95 80 84 50 1 3 4 66 4 13 98 74 1 31 64 59 56 89 6 36 14 81 16 92 4 81 16 59 20 87 7 15 67 90 62 65 92 66 30 95 78 28 70 76 58 32 34 14 20 39 47 33 18 62 23 19 42 36 77 59 22 81 73 86 71 34 52 62 97 81 55 73 7 23 49 64 55 82 75 74 19 23 5 36 82 25 53 22 58 28 80 79 10 52 66 78 83 16 38 80 ]

D: [ 10312 506 2218 2382 10476 10266 14700 16921 13693 9922 6933 5052 6939 15524 8535 12011 6411 4140 2511 6762 7410 8174 3362 2234 15254 2229 7532 3181 17279 14151 14108 10136 14657 3873 65 7679 14139 2312 12147 15379 17237 1626 2977 6721 4697 11512 6279 11109 3199 13793 5418 10609 4512 13782 391 2311 3559 7923 10494 3383 4619 12149 1067 1822 16022 6134 14503 12706 8447 14197 15633 8229 15823 1155 2497 3066 214 8777 1722 3413 5115 12142 1569 14629 8469 1960 4487 17030 9883 14981 2959 14503 9675 4026 3872 8242 10160 5922 8495 6154 ]

F: [ 2 2 1 1 1 2 2 1 2 2 2 1 2 2 2 1 2 2 2 1 1 1 1 2 2 1 2 2 2 1 1 1 1 1 1 1 2 2 2 1 1 1 1 2 2 2 1 2 1 2 2 1 2 2 2 1 2 1 2 1 2 2 1 2 1 2 2 2 1 1 1 2 2 1 1 1 1 1 2 1 2 1 2 1 2 1 1 1 2 1 1 1 2 2 2 2 1 1 2 1 ]

S: [ 0 6 
10 0 ]

A: [ 8 9 4 4 1 7 4 3 8 9 6 7 5 9 6 5 4 7 8 8 9 1 9 1 7 5 7 8 1 5 6 9 4 7 3 4 5 4 4 1 3 1 7 6 9 1 8 3 8 6 8 5 6 5 4 3 9 1 1 8 3 4 7 6 2 7 7 4 1 9 4 2 9 8 7 6 8 5 8 4 8 5 9 4 7 3 5 5 1 5 3 3 7 7 6 8 4 1 9 2 ]

B: [ 6 9 14 3 3 14 2 14 14 14 4 5 5 14 14 11 12 14 9 4 14 11 3 11 3 12 2 11 14 14 12 6 8 9 6 8 9 8 6 6 5 9 11 9 8 8 3 3 7 12 4 6 6 6 1 9 3 2 5 14 2 14 5 7 9 11 13 1 2 4 6 4 12 2 10 3 7 12 5 13 7 6 3 13 11 3 5 11 4 9 8 3 7 13 10 13 7 8 13 6 ]


----------


