100 3 3.5 L

P: [ 48 90 47 76 71 6 47 74 91 32 89 95 82 44 4 67 75 20 35 5 42 98 30 27 65 60 2 33 23 58 5 68 46 49 44 17 55 88 91 46 21 78 39 3 22 42 67 97 61 99 99 3 97 30 27 63 87 28 93 8 83 98 75 29 47 17 44 99 6 33 43 24 11 81 24 33 21 91 28 79 88 27 79 86 54 4 47 40 30 40 47 13 36 21 40 81 37 83 78 40 ]

D: [ 17009 6020 14321 1047 11232 17093 10407 15747 11421 14215 17019 11488 10682 11144 9994 7366 1126 1387 955 9594 16331 1267 8224 11804 4086 16756 5511 15402 12997 466 5098 12344 6486 5365 16999 3664 4796 9745 1749 2163 9906 4715 13652 2926 15859 9592 13901 2931 14588 14856 16134 13257 2069 10304 11007 9763 9398 2465 7504 4733 2931 16210 3023 13025 7521 2360 16689 15926 12105 4385 427 4350 9100 25 10884 10905 13226 10731 17444 13760 7926 15916 9355 13603 8558 2700 5705 3902 5165 16817 12243 11704 1311 15266 7067 8832 17627 6095 7096 15678 ]

F: [ 3 3 3 2 1 1 3 2 3 1 1 1 1 1 2 1 2 1 1 1 3 3 2 1 3 3 2 2 1 3 2 3 3 2 2 3 3 2 3 3 3 3 1 1 2 3 2 3 1 2 1 3 3 2 1 2 3 2 1 3 2 2 1 1 1 2 2 3 2 2 3 2 1 1 2 3 3 1 3 3 3 1 3 2 2 3 1 1 2 2 2 1 3 2 2 1 1 1 3 2 ]

S: [ 0 88 89 
68 0 81 
86 67 0 ]

A: [ 3 8 6 6 8 2 9 5 1 8 5 8 6 7 3 4 2 9 9 7 6 3 2 1 5 9 9 8 1 1 7 2 6 3 5 3 2 4 7 9 9 1 7 3 7 7 4 6 6 3 3 1 6 4 1 8 2 7 6 9 5 3 1 2 3 5 4 4 6 8 3 6 8 7 8 5 4 3 8 1 5 2 1 8 5 8 6 4 5 1 4 1 3 4 9 4 7 3 7 3 ]

B: [ 13 12 9 9 8 9 6 7 5 1 3 5 5 11 4 6 5 2 10 9 12 2 7 8 5 3 13 6 4 4 11 3 1 5 9 9 11 14 1 1 12 1 4 14 11 7 4 13 8 13 5 4 12 12 11 2 12 7 6 2 10 2 2 11 4 10 5 1 7 3 1 3 3 4 2 11 8 5 9 2 3 11 3 14 8 11 14 4 3 5 5 12 4 6 6 7 13 10 7 3 ]


----------


