100 5 0.5 L

P: [ 82 57 20 24 9 9 88 73 54 26 54 47 82 41 22 89 32 82 53 74 19 88 39 65 23 75 16 76 11 57 88 91 14 6 15 21 15 1 93 66 24 45 13 7 84 32 93 16 14 44 90 30 33 29 92 55 2 6 30 13 62 16 2 76 22 16 96 34 14 87 99 38 31 10 42 15 39 35 30 52 79 20 79 10 46 69 62 48 74 91 58 35 6 59 11 25 72 5 58 83 ]

D: [ 1361 2224 612 389 1907 878 1207 860 928 1728 321 223 1760 1188 836 1828 41 254 1374 1806 121 1453 1923 1481 1382 740 1139 1939 1128 1455 1832 1150 1451 217 199 1130 1983 67 650 683 1795 971 1794 2215 2159 402 1815 2200 1545 961 438 1666 1074 134 1807 228 1762 718 827 1551 2173 432 473 56 1537 1560 2074 2180 1627 496 1524 1194 1467 1090 1182 58 1493 1657 30 1698 391 1356 1136 125 1490 1603 1242 1913 93 2069 1236 926 1161 369 1870 470 1929 1716 1311 2217 ]

F: [ 4 4 3 4 4 1 3 4 5 5 3 5 5 2 2 3 5 2 3 4 2 2 2 1 4 2 3 3 4 5 5 2 3 5 2 3 2 1 2 1 5 1 2 2 3 1 4 4 4 3 3 5 1 1 3 1 3 2 3 3 1 5 2 5 1 3 2 2 4 5 5 5 1 3 1 5 3 1 5 2 5 4 3 2 2 2 2 4 3 2 3 5 3 4 4 3 2 3 1 2 ]

S: [ 0 63 92 78 90 
64 0 89 59 100 
56 89 0 58 58 
93 97 70 0 75 
96 71 81 83 0 ]

A: [ 8 5 4 9 2 1 6 1 1 3 9 7 9 4 9 4 4 5 6 1 8 3 5 7 1 7 1 8 4 9 1 9 2 5 6 3 3 2 4 3 4 1 7 3 2 4 6 3 7 1 4 5 3 6 9 3 1 8 8 2 7 9 1 8 2 6 8 4 5 9 4 7 1 1 9 9 3 4 3 9 2 4 2 4 7 2 4 6 9 2 7 6 8 6 2 9 9 7 1 5 ]

B: [ 13 14 1 5 4 7 13 5 11 4 13 6 13 4 13 9 8 12 1 12 9 14 3 12 7 8 1 14 3 8 14 1 8 14 5 9 6 1 13 1 5 9 4 1 10 3 9 4 12 7 1 4 7 2 14 13 9 14 10 11 7 7 9 12 4 11 6 8 12 2 6 14 8 9 14 4 9 7 7 7 11 5 8 3 4 7 14 13 6 7 7 11 12 14 6 1 10 10 6 5 ]


----------


