100 2 1.5 M

P: [ 22 59 58 62 13 38 34 90 44 56 61 64 59 31 96 57 47 3 65 58 64 18 29 64 31 10 3 31 80 47 67 2 4 25 64 16 61 95 6 5 52 67 66 11 97 62 65 42 64 28 97 29 45 25 92 75 32 92 5 12 37 71 12 40 94 73 56 55 68 59 57 20 24 24 30 19 85 94 61 48 22 56 76 65 80 66 38 10 56 42 22 92 12 33 32 6 6 85 58 73 ]

D: [ 1988 4590 4994 2183 2413 1575 4307 168 6299 4154 2767 1283 3006 869 4515 7089 3521 1403 5172 3725 677 2757 5459 4908 6725 6285 6115 4753 5242 223 6074 98 4814 1148 6625 95 2723 1012 4607 6234 5166 4586 386 1041 2667 2113 5342 6188 728 3382 7125 1406 6140 2664 6314 2945 1818 2510 4911 7060 2733 3853 4370 4759 5001 1075 2067 4936 2088 6674 4039 4466 1341 1637 2719 1220 962 929 4621 1691 4312 4614 3097 532 147 2279 3477 6309 2001 1256 6237 4735 2321 687 2362 190 1762 4429 2339 3850 ]

F: [ 1 1 2 2 2 1 2 2 1 1 1 1 2 2 1 1 2 2 2 1 1 1 2 2 2 1 1 2 2 2 1 2 2 2 1 1 2 1 2 2 1 1 2 2 2 2 2 1 2 1 2 2 1 1 1 2 1 1 2 1 2 2 2 1 1 1 1 2 1 1 2 1 1 1 1 2 1 2 1 2 1 2 1 1 2 1 1 1 2 2 1 1 1 2 2 1 2 2 2 2 ]

S: [ 0 96 
77 0 ]

A: [ 5 7 1 6 3 7 8 7 2 9 3 1 5 6 9 8 3 5 8 3 3 5 9 5 1 7 5 9 6 9 4 8 4 4 4 6 8 2 3 7 9 5 5 2 9 4 7 2 7 3 3 7 7 2 2 5 8 4 2 2 1 5 9 5 6 1 1 2 1 2 6 9 4 1 1 1 3 5 1 7 7 3 4 4 4 3 6 9 4 7 2 5 3 8 7 6 9 7 6 9 ]

B: [ 6 3 14 10 8 9 4 2 1 5 5 5 4 5 4 2 13 7 12 13 10 5 12 1 3 1 12 1 13 1 6 2 3 5 9 8 13 13 7 11 3 11 1 5 13 2 6 11 6 3 10 14 5 5 12 6 6 9 6 2 7 12 3 8 2 12 1 13 8 8 7 8 2 8 12 1 7 2 11 13 4 6 12 7 11 7 12 14 2 3 13 6 12 13 13 14 8 12 10 1 ]


----------


