100 2 1.5 S

P: [ 20 93 73 18 55 83 65 60 64 6 49 17 25 4 26 74 78 14 10 82 65 50 7 88 51 45 19 28 28 82 86 47 75 57 62 28 38 27 85 2 31 34 16 53 38 42 25 16 53 35 95 18 82 2 6 33 46 22 60 73 4 44 18 76 98 77 5 34 3 89 35 33 24 49 83 59 90 8 72 43 40 68 58 20 69 63 51 16 85 9 86 86 51 3 63 47 79 65 81 81 ]

D: [ 3795 5579 1978 4292 3765 982 1849 1683 7010 1843 4901 392 1632 4060 4415 3063 2799 5960 3153 215 1956 6853 3461 2191 325 5296 566 6857 4332 4182 861 1031 246 2839 2905 4012 3822 2337 3277 1317 4180 5761 1709 3394 306 3706 6457 3105 2569 2514 902 4526 6949 4364 4299 4856 145 2447 4616 4478 4211 3059 3091 2040 3481 3578 6052 4885 5915 6911 6202 580 3157 814 3974 3464 2103 917 4151 4672 1013 5054 6780 865 7000 3983 3303 48 6430 5501 2108 1127 6143 2781 3167 2527 6360 6801 315 2760 ]

F: [ 1 1 2 1 2 2 2 2 2 1 2 2 1 2 2 1 2 2 2 1 2 1 1 1 2 1 1 1 2 2 2 2 2 1 2 1 1 1 1 2 2 2 2 2 1 1 1 1 1 2 1 2 2 1 2 1 1 2 1 2 1 1 1 2 1 1 2 1 1 2 1 2 1 2 2 2 2 2 2 2 1 2 1 2 2 2 1 2 1 1 1 1 1 1 2 2 1 2 2 2 ]

S: [ 0 15 
20 0 ]

A: [ 3 2 4 6 5 6 5 3 3 6 8 2 6 1 9 3 1 1 6 2 2 3 8 6 5 4 2 3 5 1 3 7 2 6 4 4 9 6 4 1 1 9 2 6 9 8 8 7 8 4 8 1 4 5 4 6 6 5 9 1 3 2 7 3 5 8 6 3 5 1 3 3 9 4 8 7 9 6 4 6 7 1 4 2 3 7 5 8 2 4 8 4 3 5 6 6 2 1 8 4 ]

B: [ 14 6 3 9 8 6 9 10 4 8 13 3 3 3 9 9 6 14 13 11 2 3 2 2 9 14 12 2 13 12 2 12 3 2 5 8 7 13 3 8 6 14 11 8 2 5 14 6 4 10 2 4 12 1 5 7 13 2 6 11 13 6 9 13 7 11 6 14 9 6 5 13 3 1 6 3 6 4 8 7 13 9 10 9 8 14 1 4 13 4 14 11 9 6 7 2 2 12 13 9 ]


----------


