100 2 2.5 M

P: [ 83 47 12 50 36 6 79 54 89 38 23 17 19 11 57 49 12 63 94 67 23 79 88 45 14 25 48 66 68 33 93 49 77 6 96 11 11 76 62 98 12 84 15 28 94 69 74 7 33 68 71 53 46 59 95 59 82 43 24 48 73 17 96 49 22 90 59 31 66 22 29 75 4 41 1 96 11 75 1 41 41 71 93 86 28 88 44 8 29 67 55 1 81 49 49 4 40 6 32 4 ]

D: [ 11445 6269 3318 7165 11275 7357 4684 11132 4641 6205 9793 9171 486 10054 337 7632 9680 10755 836 1447 5428 2085 9986 1990 5203 1923 4493 6887 1748 1689 1328 1161 5688 2376 6056 4930 9734 10740 1760 72 2642 11553 9243 3128 7305 7311 8490 4952 3763 7056 4129 9192 6872 2082 11182 42 4005 3642 4659 3484 3061 5987 2375 8749 6094 8431 11409 3795 4868 1136 1597 7510 10420 8571 8368 5692 1579 2555 10644 5342 7342 2741 231 2181 2553 11413 2223 4289 752 4612 7773 3813 10599 10148 10292 4660 4276 9669 6185 9144 ]

F: [ 2 2 2 2 2 2 2 2 1 1 2 2 1 1 2 1 1 1 2 1 1 2 2 2 2 1 1 1 2 2 1 1 1 2 1 2 1 2 1 2 2 2 1 2 2 1 1 1 1 2 1 2 2 2 1 1 2 1 2 1 2 2 2 2 2 2 1 2 1 1 1 1 1 2 2 2 2 2 2 2 2 2 1 1 2 1 1 1 2 2 2 1 2 1 1 1 2 1 2 2 ]

S: [ 0 52 
59 0 ]

A: [ 5 6 7 4 3 4 7 4 4 9 2 5 9 6 3 1 8 8 8 9 8 8 4 7 2 5 6 8 9 4 4 5 7 8 6 8 2 1 2 3 1 1 5 9 7 8 7 5 4 6 2 2 2 5 8 4 7 5 2 4 6 3 6 4 1 2 2 2 3 3 2 3 3 7 9 7 3 7 9 6 3 1 8 4 3 4 5 9 6 4 4 3 6 9 6 6 9 5 5 9 ]

B: [ 7 11 3 8 9 14 5 2 14 9 1 2 10 11 11 12 2 8 4 3 5 3 3 14 3 2 12 14 13 4 7 3 14 9 11 6 7 1 5 6 9 6 6 2 14 2 14 13 7 1 2 9 3 2 9 3 4 4 1 14 7 5 3 5 14 13 10 4 11 1 9 3 4 12 5 3 13 2 14 6 2 1 12 2 2 6 2 3 7 2 3 14 7 5 4 4 1 11 7 11 ]


----------


