100 2 0.5 L

P: [ 10 31 88 49 85 10 55 95 83 35 15 32 71 13 14 50 2 39 77 22 18 38 80 58 98 52 84 30 73 37 8 80 65 95 29 48 3 82 43 86 17 55 16 85 66 30 35 67 68 12 86 84 47 64 40 46 16 24 73 86 60 80 66 25 73 93 70 74 75 14 60 89 66 73 73 32 3 6 96 69 16 83 51 62 47 90 6 61 14 79 47 71 57 14 95 29 5 65 3 77 ]

D: [ 1802 400 945 1228 1033 663 2038 352 845 2178 2158 1223 1576 822 1414 1202 1855 474 1141 1945 352 834 618 1363 1582 1601 2214 431 387 2115 1750 2122 2447 42 765 828 706 150 1180 1483 2328 685 53 1251 1439 1467 2454 709 1873 942 69 2157 1776 619 936 773 2220 497 1204 22 28 301 2076 2475 344 256 718 982 407 1830 2397 82 2515 2450 1334 1369 1264 1203 2078 553 2145 2079 125 1269 113 993 2042 2333 1491 662 2288 1451 895 1779 1273 1171 1968 1992 2085 2307 ]

F: [ 2 2 2 1 1 1 1 1 2 2 1 1 2 1 2 1 1 1 1 2 2 2 1 1 1 2 1 1 1 1 1 1 2 2 1 1 1 1 1 2 2 1 2 2 1 1 2 1 2 2 2 1 2 2 1 2 2 2 2 2 2 2 2 1 1 2 1 1 1 1 1 2 1 2 1 2 1 2 2 2 2 2 2 1 1 1 2 2 2 1 2 1 2 1 1 2 1 2 1 1 ]

S: [ 0 76
82 0 ]

A: [ 8 1 9 2 6 8 1 2 6 9 1 8 2 1 5 2 8 1 5 9 5 2 9 7 4 9 3 4 6 9 3 4 9 2 3 3 1 4 4 4 1 5 2 1 3 4 9 8 4 5 6 8 6 5 6 7 2 8 8 7 5 1 8 2 1 9 4 1 1 8 4 1 1 4 1 1 7 8 8 9 3 4 7 6 6 1 4 5 7 2 9 2 1 6 4 1 5 7 8 5 ]

B: [ 14 3 9 11 13 14 1 13 7 12 5 4 13 4 7 3 3 11 5 1 14 6 6 3 3 7 12 1 13 8 4 12 10 10 9 9 9 9 5 13 4 9 2 1 12 7 3 12 3 5 12 14 10 4 2 12 8 13 12 6 6 13 4 14 9 12 8 1 4 10 14 8 4 13 6 13 5 8 11 6 12 6 5 8 7 5 5 1 1 1 6 7 11 7 4 5 2 9 4 6 ]


----------
