100 3 1.5 S

P: [ 86 25 39 61 82 18 17 1 52 48 57 74 81 21 11 13 33 97 93 90 47 67 56 63 63 18 65 69 29 53 86 15 76 26 75 58 41 89 56 93 38 13 67 17 31 75 28 61 72 19 52 17 85 6 79 48 24 42 15 50 95 2 64 71 25 37 27 65 24 80 56 59 92 24 76 21 98 4 81 69 22 33 85 6 39 63 53 60 5 68 10 99 67 71 68 89 8 92 54 29 ]

D: [ 5010 2540 2793 3977 3947 5563 1423 258 3947 6386 1369 2778 5945 6129 5918 5772 790 6420 2234 7427 3427 2780 4444 7233 7457 1825 7574 5702 1268 6778 6633 4846 274 1814 7392 2789 5945 1203 1616 848 7589 2985 2194 4491 70 6681 2651 860 5489 3454 6856 7484 6234 3688 7105 4648 4081 5635 2738 3917 3369 1759 1152 3644 3573 932 5001 474 703 6617 1322 6861 559 3517 2308 629 1154 4959 1490 6643 6981 734 5083 5604 2990 4576 2640 5639 1167 3946 1945 4536 5706 3097 6748 235 2597 4138 710 1868 ]

F: [ 2 3 1 1 3 1 1 2 1 2 2 2 3 1 3 3 3 3 2 3 1 2 2 3 1 1 2 2 2 1 2 2 1 3 2 1 1 2 3 2 3 1 1 2 2 1 2 1 1 2 2 2 3 3 1 2 1 3 3 1 1 2 2 1 2 3 3 3 2 2 2 2 3 2 2 2 3 1 1 1 2 2 3 3 2 1 1 2 1 1 2 1 3 3 2 2 3 2 2 2 ]

S: [ 0 14 19 
4 0 3 
20 19 0 ]

A: [ 8 5 3 2 6 5 7 5 7 8 9 5 9 9 4 6 4 4 5 6 3 2 7 7 7 7 4 5 9 5 1 5 7 1 6 3 4 3 6 8 8 5 4 6 3 7 2 4 1 4 9 3 6 4 7 1 8 1 3 7 3 4 1 1 2 6 3 5 7 6 4 5 9 5 1 2 9 9 5 9 4 2 9 7 5 6 7 3 4 1 7 6 2 7 6 1 2 7 4 6 ]

B: [ 12 6 4 9 3 14 12 6 14 11 6 2 7 7 4 7 3 13 1 12 12 12 1 14 11 8 8 5 3 13 7 12 2 11 5 4 8 2 7 5 11 12 7 1 4 10 8 4 6 6 1 3 1 2 14 12 9 8 2 9 6 7 6 6 1 10 9 8 10 2 10 6 11 2 6 1 10 11 2 1 1 1 2 1 2 1 10 8 6 10 14 10 2 3 1 2 11 9 7 6 ]


----------


