100 5 1.5 L

P: [ 50 38 99 21 98 3 75 79 23 4 63 9 69 23 43 48 53 75 96 64 2 9 97 56 99 73 83 56 88 98 38 37 35 37 57 33 37 32 12 58 33 72 66 2 92 9 50 46 82 44 8 83 50 5 37 47 77 18 3 63 17 38 99 49 72 54 81 10 86 92 67 17 62 31 17 55 40 66 98 20 8 6 3 57 10 37 4 84 55 4 47 69 39 47 18 11 1 98 20 84 ]

D: [ 6966 5193 326 2217 5483 2858 2748 4022 754 2762 5697 2911 3050 6220 3748 5337 1910 1117 6847 4685 4000 1976 6267 6681 271 6209 5917 3677 2306 5252 6246 2296 3349 6572 4514 1856 2454 166 5878 3328 3049 4599 6239 6219 3723 2891 4461 5634 4128 4212 3343 1032 6308 2515 737 6699 1748 6654 3281 4055 4930 2431 6471 1184 2027 3889 3160 4601 4176 1943 953 249 6662 96 6468 3290 3107 3833 1828 259 1070 5291 1411 402 710 2148 6 2579 1826 3407 6634 6757 5958 6129 965 1009 2923 4125 5610 123 ]

F: [ 2 2 1 1 5 4 3 1 1 4 3 2 3 1 5 5 4 3 3 3 5 4 4 1 1 1 4 4 3 1 4 1 4 1 3 3 5 5 5 2 3 4 3 1 4 4 5 2 2 4 2 3 2 2 4 2 3 4 3 2 5 3 2 3 4 5 3 5 4 4 1 4 3 5 4 1 3 5 5 4 5 1 4 1 2 4 4 1 2 1 2 3 1 4 3 1 5 2 5 5 ]

S: [ 0 64 89 67 78 
98 0 79 68 63 
85 63 0 98 57 
96 80 92 0 70 
58 99 70 71 0 ]

A: [ 4 6 8 5 1 7 8 1 6 3 9 4 8 7 6 2 1 9 9 3 3 6 8 1 5 4 6 3 8 2 3 1 8 1 5 8 5 2 9 1 4 6 3 3 1 6 4 1 3 1 2 5 6 9 3 1 1 6 3 9 8 6 7 6 4 9 2 9 1 8 7 5 4 9 5 5 3 6 3 5 7 4 7 3 3 9 4 4 4 4 1 2 7 5 5 2 4 6 8 5 ]

B: [ 5 9 3 2 14 12 12 12 8 7 13 3 11 1 1 5 12 12 7 12 2 13 2 12 13 11 5 4 14 5 5 2 11 7 4 10 2 13 8 10 3 4 10 14 4 8 2 13 5 8 10 7 4 11 4 2 5 8 3 3 10 8 4 6 14 5 14 14 2 7 9 4 8 2 1 9 10 2 8 14 9 1 4 12 10 5 11 14 10 14 14 3 7 4 7 4 6 6 3 7 ]


----------


