100 3 0.5 M

P: [ 1 38 52 67 44 84 83 52 48 54 64 24 56 36 54 1 66 75 12 9 57 20 63 93 31 75 89 32 76 70 8 76 6 59 44 50 43 25 2 91 77 64 15 33 97 69 32 64 42 41 70 98 60 31 90 90 7 79 20 82 47 27 56 53 86 97 1 29 23 99 20 99 63 33 30 61 99 59 23 41 1 92 37 60 23 27 49 27 4 68 7 49 95 63 99 81 60 99 8 80 ]

D: [ 869 1193 2233 789 543 768 1623 1406 2569 1437 2570 791 869 1141 309 2039 2204 913 1449 311 2149 3 90 2565 2 2131 2470 1266 1441 558 1634 959 1751 1284 1748 942 700 2019 996 1917 2104 2214 125 389 771 434 1076 1623 2579 1173 583 2144 1177 673 774 1179 1453 1892 2445 1542 2450 144 2501 265 1428 313 1207 776 980 851 109 500 481 1466 2121 2485 548 1846 172 543 435 755 1336 260 77 2110 1440 1530 66 2533 1720 2517 1325 1638 198 1401 599 54 2177 1580 ]

F: [ 3 2 2 1 2 2 3 3 2 1 2 2 3 3 2 3 2 3 1 1 2 1 1 2 3 2 2 1 3 1 2 3 2 1 3 1 3 3 3 1 3 3 1 2 3 2 2 3 2 2 1 3 1 1 2 3 3 1 1 3 2 3 2 1 2 2 1 1 1 2 3 3 2 3 3 2 2 1 1 3 1 1 2 2 2 2 1 2 3 3 1 1 3 3 1 1 1 2 2 1 ]

S: [ 0 63 64 
71 0 85 
84 89 0 ]

A: [ 8 2 1 2 7 2 1 6 6 8 4 7 6 6 4 7 1 7 6 4 4 6 1 6 4 7 4 2 4 7 4 9 6 2 1 1 3 1 5 6 7 6 2 3 3 5 8 1 9 4 3 4 8 3 9 2 7 2 3 8 6 7 7 3 6 6 1 7 4 5 3 1 2 2 2 2 5 9 2 4 3 4 7 1 4 5 1 9 4 3 7 9 7 3 9 4 8 1 1 2 ]

B: [ 12 2 9 3 2 5 5 4 3 11 12 4 8 13 7 2 9 8 13 6 13 12 14 1 12 12 2 14 6 9 13 1 8 5 4 9 9 6 12 9 2 10 12 10 8 2 9 14 9 7 3 6 2 14 6 12 11 7 11 14 13 7 1 6 11 2 13 5 7 10 11 7 3 9 14 8 10 8 5 3 12 7 8 11 7 13 6 1 3 3 1 1 9 1 4 4 14 2 6 6 ]


----------


