100 4 1.5 S

P: [ 78 7 15 93 30 78 62 28 15 51 30 8 98 44 51 28 63 86 61 30 34 72 68 3 43 94 24 54 50 11 72 28 16 84 21 45 62 83 70 75 32 98 82 31 42 31 58 5 18 17 32 51 88 98 51 31 90 74 83 40 83 53 67 98 38 88 41 97 71 9 72 3 7 55 31 46 85 86 50 1 4 80 49 89 78 1 19 68 74 99 7 55 52 73 51 89 59 91 85 28 ]

D: [ 4094 6619 7189 2962 985 2664 7146 4872 7815 7706 4805 6210 5454 2499 5256 6842 4877 2540 3314 1866 5413 2780 3900 6585 199 6734 542 1241 2267 2809 6612 6607 1801 6173 1941 2786 964 1459 30 1151 1292 4836 7607 6992 7581 4989 5961 4584 7776 1401 6450 5315 4181 2476 4026 4380 1337 4815 5867 3850 7870 4606 2583 1797 2905 4524 4830 4115 5984 5106 5266 7522 2068 5245 6886 2021 2361 4973 6605 2263 6374 5182 7824 2927 30 4223 7554 1613 1164 5547 5463 1406 2525 418 3450 5431 5189 652 1918 3545 ]

F: [ 3 2 4 4 1 4 1 2 4 1 1 4 1 4 4 1 1 4 3 3 1 2 1 3 3 3 2 2 3 4 1 2 1 4 1 2 3 1 3 2 1 4 2 1 3 1 2 3 4 4 1 4 1 1 2 3 4 3 4 2 3 4 3 3 3 3 4 2 4 3 3 4 2 4 1 4 4 2 2 3 1 2 3 1 2 4 4 1 3 3 3 1 3 1 3 1 4 3 2 3 ]

S: [ 0 5 17 14 
14 0 4 10 
9 20 0 19 
18 10 11 0 ]

A: [ 3 3 5 2 8 2 3 4 9 8 8 9 3 9 2 7 6 7 7 3 1 1 7 8 7 8 3 2 2 4 4 4 7 6 4 3 7 4 4 7 9 9 4 2 8 5 9 3 1 4 3 8 2 8 4 9 4 4 8 6 8 2 7 3 8 1 5 3 4 6 9 1 5 2 3 1 4 9 1 4 1 4 1 3 9 4 9 1 6 5 6 4 6 2 6 2 9 8 5 4 ]

B: [ 10 14 10 5 14 6 14 3 7 8 12 13 9 11 2 10 14 11 7 1 13 1 9 11 10 8 7 11 5 4 8 12 1 4 2 13 7 13 13 12 4 10 8 10 5 9 5 2 3 10 14 1 10 8 9 3 1 13 11 3 2 3 14 1 4 13 13 8 9 11 3 13 4 10 8 8 2 11 7 4 6 6 2 13 13 11 1 11 9 9 13 9 11 10 9 12 8 7 6 3 ]


----------


