60 2 2.5 M

P: [ 8 34 12 18 95 92 92 79 7 87 70 45 3 10 10 76 68 85 76 67 59 90 64 57 85 17 77 71 73 51 79 78 82 88 96 75 81 86 55 85 73 23 28 73 32 37 49 98 22 24 65 80 14 27 35 96 41 11 68 14 ]

D: [ 5449 6232 7568 6036 5115 6865 6279 4148 1707 7873 1367 2629 6194 5381 6531 2744 7970 5710 7110 2037 2108 1045 7179 625 2509 72 184 1022 2017 3490 6295 3751 6007 1665 6072 7408 47 3868 3073 6523 3258 4441 5437 970 6107 3485 8482 1880 712 7109 202 7588 8154 7381 4498 6948 7453 4683 4255 5755 ]

F: [ 1 2 1 1 1 1 1 2 1 2 1 2 2 2 1 1 2 1 1 2 2 2 1 2 2 2 1 2 2 2 2 1 1 1 1 1 1 1 1 1 2 1 2 2 1 2 2 2 2 2 1 1 1 1 2 2 1 2 1 2 ]

S: [ 0 81 
51 0 ]

A: [ 4 6 1 8 2 3 2 6 9 3 7 4 3 9 1 8 5 3 6 8 5 3 5 5 6 7 6 8 6 5 9 8 1 7 4 9 9 6 6 8 8 1 9 8 9 1 6 4 1 9 9 3 2 4 7 7 8 4 3 3 ]

B: [ 4 8 7 12 6 1 11 12 11 14 1 12 3 9 3 12 3 9 4 6 7 14 5 9 13 4 11 5 8 6 10 9 12 2 6 3 14 3 13 9 14 13 6 3 5 9 14 8 1 2 11 8 1 1 2 11 3 10 13 8 ]


----------


