60 2 0.5 L

P: [ 14 53 73 48 38 53 79 37 93 13 79 3 20 51 48 5 85 15 72 17 67 9 86 25 87 52 37 70 86 43 56 99 96 27 45 32 80 24 67 71 37 46 71 54 95 20 58 78 32 30 92 98 39 76 24 24 29 58 91 13 ]

D: [ 404 960 1003 1001 1514 263 1234 868 65 1366 844 241 857 550 474 555 802 459 506 1391 1318 424 1217 1045 38 1195 636 1462 522 881 174 926 280 839 366 1456 765 1262 425 492 730 1270 733 1249 259 1207 1466 723 1328 411 553 1085 835 1432 231 535 729 530 99 1251 ]

F: [ 1 1 1 2 1 2 2 1 2 1 1 1 2 1 1 1 1 1 2 2 2 1 2 1 1 2 2 2 2 1 2 2 1 2 2 1 1 1 1 2 1 1 1 1 1 1 1 1 2 1 1 1 1 2 2 1 1 1 2 1 ]

S: [ 0 93 
88 0 ]

A: [ 4 2 5 5 9 4 4 6 5 5 9 9 9 9 6 3 7 8 5 5 1 4 6 7 6 7 4 2 3 2 3 5 3 6 7 2 9 2 8 2 6 5 1 5 4 5 5 8 3 1 3 3 4 8 7 7 4 8 8 4 ]

B: [ 5 8 13 4 12 10 7 3 11 14 4 5 7 13 8 13 6 14 3 4 6 13 6 12 10 3 5 6 5 1 7 8 8 3 11 5 10 3 6 6 1 9 8 7 7 1 5 11 13 6 14 4 2 3 14 11 3 4 1 8 ]


----------


