60 2 0.5 M

P: [ 83 16 31 60 21 12 17 31 20 75 53 15 8 73 83 59 69 38 66 95 92 41 65 46 57 57 76 5 40 28 84 23 42 13 82 60 24 98 90 41 72 41 55 79 14 38 36 80 73 2 76 65 41 41 12 97 96 87 1 36 ]

D: [ 62 715 284 13 0 258 424 948 256 69 749 1472 976 689 578 932 1484 399 508 1503 1201 74 670 1005 1406 1027 630 162 315 474 883 465 1189 1255 566 1189 1513 990 709 253 1059 30 297 607 807 963 111 776 1363 619 851 1048 782 5 625 672 1121 1343 922 8 ]

F: [ 1 2 2 2 1 2 2 2 2 1 2 1 2 1 2 1 1 1 1 2 2 2 2 2 2 1 2 1 2 2 1 2 1 2 2 1 1 1 1 2 1 2 2 2 2 1 1 2 1 1 1 2 1 2 2 2 2 1 2 2 ]

S: [ 0 93 
80 0 ]

A: [ 4 3 1 7 8 4 2 8 9 9 8 3 9 7 7 7 1 4 5 8 5 2 1 1 6 6 8 7 7 9 9 2 9 7 8 5 1 1 1 7 9 6 9 6 4 4 2 2 7 6 9 2 5 9 3 8 4 8 5 1 ]

B: [ 5 5 5 12 12 3 1 1 2 2 13 13 12 9 9 1 7 5 9 13 13 14 8 11 11 2 2 10 9 5 10 11 7 13 9 2 1 7 2 14 6 12 12 3 6 4 1 12 9 9 8 5 7 2 2 1 3 1 10 10 ]


----------


