60 2 2.5 S

P: [ 68 84 40 28 20 71 28 54 93 91 53 22 41 76 6 1 12 27 42 26 17 3 24 89 23 78 94 35 28 50 13 95 32 50 21 52 19 49 6 11 38 58 32 77 33 37 75 42 63 17 65 79 17 86 66 40 65 58 72 92 ]

D: [ 1225 1245 859 5731 6838 2946 2368 3999 1253 5206 1540 5949 3761 1257 5597 85 6740 1103 606 6041 4005 6909 3368 3229 5818 6172 235 1051 3674 3913 2096 4899 5159 2955 3670 5036 4675 6038 848 5929 3057 2389 4917 6819 2420 2327 5678 974 3430 6285 54 6209 6233 3423 1252 5090 1408 1487 4916 5082 ]

F: [ 1 2 1 2 2 2 1 2 1 1 2 2 1 2 1 2 1 2 2 2 2 2 1 2 2 2 2 1 2 1 1 2 2 1 1 1 2 1 2 2 1 2 1 2 1 1 1 2 1 2 1 2 1 1 2 1 1 1 1 2 ]

S: [ 0 13 
11 0 ]

A: [ 3 7 5 2 7 2 7 1 4 8 6 9 2 3 9 6 9 3 6 8 8 8 8 8 7 3 3 3 4 6 9 6 1 4 5 7 6 2 8 7 8 2 6 9 2 5 4 1 7 7 6 6 5 3 4 2 3 5 3 7 ]

B: [ 2 11 9 8 7 14 6 11 4 9 2 9 6 7 2 4 7 12 8 4 6 10 12 4 4 8 6 8 5 10 12 5 6 4 12 11 3 3 7 7 12 9 13 1 1 12 2 5 9 7 8 13 3 3 2 4 11 5 11 13 ]


----------


