60 2 1.5 L

P: [ 3 69 86 22 9 11 17 70 93 37 53 11 76 89 93 45 96 73 83 78 50 27 90 69 38 93 34 57 57 87 11 57 57 96 79 63 5 95 33 98 30 85 9 7 72 99 51 66 73 33 42 23 57 33 92 94 26 24 52 80 ]

D: [ 1221 246 300 1211 2430 4787 314 1642 2418 1292 4311 3589 3928 3570 141 2612 500 1312 4668 2673 3861 4501 98 3464 2771 4455 2535 3973 4027 2518 497 210 2764 4953 539 156 4703 853 917 1201 2145 4346 4790 154 2878 4050 2766 3379 4480 1514 132 3303 977 4386 847 3748 3803 3382 1801 2793 ]

F: [ 1 1 2 2 1 2 2 2 1 1 1 1 2 1 1 2 1 1 1 1 1 2 2 1 2 2 1 2 2 1 1 1 1 2 2 1 1 1 2 2 2 2 2 1 1 2 2 1 2 1 2 2 2 1 2 1 2 1 2 2 ]

S: [ 0 83 
95 0 ]

A: [ 9 4 1 9 4 8 2 2 2 5 6 7 9 4 6 2 7 9 8 4 2 4 7 7 6 2 2 8 7 8 2 6 1 2 3 4 1 5 5 2 9 8 7 7 9 1 8 5 1 4 8 9 5 5 4 1 5 6 6 2 ]

B: [ 13 4 5 6 12 10 6 6 8 1 1 2 3 13 5 8 1 13 7 5 4 9 10 1 10 14 14 4 14 2 2 10 3 4 14 12 14 5 4 5 5 2 6 6 14 8 11 12 6 3 3 9 9 10 7 2 7 7 5 6 ]


----------


