60 2 3.5 M

P: [ 23 47 88 11 64 75 84 88 91 34 77 62 81 92 63 81 77 26 28 85 6 79 30 80 18 56 30 83 84 25 56 5 69 44 13 33 17 96 21 6 31 97 68 10 87 29 91 62 55 17 47 60 95 75 38 13 31 67 93 14 ]

D: [ 3060 1752 6599 4368 8225 4176 9030 5203 10172 5220 3328 3372 7874 2691 616 1222 8891 2747 1341 6735 5080 362 2875 4496 593 10154 4578 3598 1957 3626 1202 245 607 3029 4614 4060 2433 8872 9264 1377 9320 7820 11206 5965 5739 7050 2416 9858 5025 10214 5365 10105 10576 3468 3372 6398 8850 3178 9996 10807 ]

F: [ 2 1 2 1 1 1 1 2 1 2 1 2 1 1 2 2 2 2 2 1 2 1 1 2 1 2 1 2 2 2 2 1 2 1 1 1 1 1 2 1 1 2 2 1 2 1 1 1 2 2 2 1 2 2 1 2 1 1 1 2 ]

S: [ 0 93 
64 0 ]

A: [ 8 5 3 2 3 7 8 9 1 6 2 4 6 4 1 4 1 8 6 1 9 8 5 4 3 3 9 9 8 9 1 5 2 4 4 5 8 2 2 9 7 4 1 2 5 8 3 3 6 9 4 4 7 8 7 1 8 6 7 5 ]

B: [ 11 1 11 3 2 13 6 13 2 7 9 12 2 14 9 14 2 11 4 12 10 14 7 1 9 13 10 7 10 11 10 4 12 4 6 13 2 11 9 1 2 1 11 3 14 5 3 2 1 4 11 10 3 1 9 9 13 2 13 8 ]


----------


