60 2 3.5 S

P: [ 89 22 29 41 85 18 45 9 17 54 71 1 92 62 34 22 13 23 82 56 86 48 3 78 89 29 33 43 70 13 20 59 32 49 99 18 64 42 24 78 96 95 78 86 57 10 8 67 31 87 23 15 36 23 92 23 51 24 65 22 ]

D: [ 8468 3090 3299 1965 9463 5747 2916 1327 5633 4855 1708 1768 3806 4367 7623 6254 1748 7457 1892 3227 2601 8941 8561 753 387 6058 5761 696 5379 9280 7942 8679 7202 1333 736 6756 1912 8393 2915 7545 3339 4623 4146 7145 8990 1860 8231 5571 4149 214 3630 6750 3988 7023 7503 9116 3173 3356 9812 3384 ]

F: [ 1 2 1 2 1 2 1 1 2 2 2 2 1 1 1 1 1 1 1 2 2 1 1 2 1 2 2 2 2 1 2 2 2 2 1 2 1 1 2 1 2 1 2 2 2 2 2 2 2 2 1 2 1 2 1 1 1 1 2 2 ]

S: [ 0 1 
1 0 ]

A: [ 7 8 9 2 5 6 1 5 5 3 5 8 3 9 4 9 8 4 1 1 1 2 8 8 4 4 9 3 4 5 5 1 3 4 9 5 7 7 7 1 9 2 6 1 2 9 9 7 4 9 7 2 9 4 7 3 5 6 4 9 ]

B: [ 7 7 13 14 8 8 13 3 14 1 9 6 11 5 6 11 3 8 11 6 9 1 3 10 1 3 13 5 4 6 9 8 12 5 6 3 10 4 5 10 3 12 1 11 2 6 5 2 11 1 8 5 13 8 13 14 10 9 2 11 ]


----------


