60 2 3.5 L

P: [ 93 7 53 95 17 24 34 91 18 30 49 46 73 64 19 98 42 84 32 99 63 50 99 31 63 29 68 32 4 48 86 96 55 37 89 69 58 24 60 75 51 8 19 24 71 36 20 11 18 51 11 81 1 8 12 61 36 77 91 39 ]

D: [ 3010 1791 8335 8958 4299 7630 8022 6783 9463 9165 3371 7818 4086 4686 9712 5877 3456 3109 9354 2795 7788 9588 8405 3701 1637 5340 1768 10213 6014 6198 3403 8704 7669 1162 7086 1392 8473 4852 7855 7680 3761 970 4923 7847 5337 4059 3149 8793 7168 1927 1332 4380 939 9417 8082 2576 4182 9850 2213 10196 ]

F: [ 1 1 1 2 2 1 2 1 1 1 1 1 2 2 2 1 1 1 2 2 2 1 2 1 2 2 1 2 2 2 2 2 1 2 1 2 2 2 2 1 1 2 1 2 2 2 2 2 1 1 1 2 1 1 1 1 2 1 2 2 ]

S: [ 0 100 
59 0 ]

A: [ 7 9 7 4 8 6 8 6 8 5 8 9 2 6 2 9 7 6 6 5 9 3 3 7 1 1 9 5 7 2 7 4 8 2 7 6 5 4 2 1 8 8 9 1 4 2 7 8 5 3 4 4 4 6 1 2 4 8 6 1 ]

B: [ 3 7 1 7 12 5 3 12 4 12 13 6 8 1 7 6 9 10 5 13 3 6 5 1 1 5 6 1 10 13 3 10 5 1 14 2 6 3 12 9 12 10 14 3 8 4 8 3 14 10 13 2 13 1 14 14 5 5 12 12 ]


----------


