60 2 2.5 L

P: [ 16 93 84 64 96 67 54 85 89 85 87 18 79 37 42 81 6 21 25 87 6 73 71 21 20 11 41 42 70 29 95 85 23 77 49 19 45 1 2 34 86 86 49 63 24 88 44 27 10 66 14 13 38 82 34 57 93 74 96 61 ]

D: [ 613 7752 3166 2279 5157 5079 4652 4711 7356 5696 2692 7784 3853 4993 5445 4139 3176 3642 5844 4824 5532 5770 6636 3484 1464 1573 1373 4601 5376 1131 2380 1095 3989 652 3375 1308 837 189 6019 356 991 3818 3246 4844 3917 853 1145 7093 7440 6990 7024 5134 28 928 3724 4436 2501 203 1200 39 ]

F: [ 1 1 1 2 2 2 1 1 1 2 1 1 2 2 1 1 1 1 1 1 1 1 1 1 1 1 1 2 2 1 1 2 2 1 2 1 1 2 1 1 1 2 1 1 1 2 1 1 2 1 2 2 1 2 2 1 1 2 2 2 ]

S: [ 0 91 
75 0 ]

A: [ 9 7 8 3 3 1 3 3 3 7 1 9 3 8 4 4 6 5 5 7 9 3 3 6 9 7 3 2 4 5 5 1 9 3 1 2 3 1 3 4 5 1 3 8 9 4 9 3 6 2 9 5 4 2 1 4 7 1 3 8 ]

B: [ 10 7 9 1 14 9 14 8 12 12 1 4 12 5 6 9 3 2 3 8 7 3 9 4 9 7 9 12 12 7 6 5 12 14 5 11 8 2 4 3 13 3 4 9 7 10 3 8 9 6 13 1 6 8 3 12 14 11 9 9 ]


----------


