60 2 0.5 S

P: [ 82 28 38 68 95 40 28 6 84 96 70 79 74 58 49 39 3 77 88 49 10 85 93 15 40 93 69 44 89 39 54 71 65 92 39 58 32 64 61 17 61 29 93 33 85 41 69 87 18 57 36 26 41 30 38 80 23 7 25 12 ]

D: [ 970 473 1573 1248 117 367 1077 1302 1220 1363 1496 1398 462 886 1299 999 90 1131 101 276 761 416 1237 1152 821 776 1146 1306 1251 925 1484 950 1398 1470 927 245 251 417 1547 200 510 185 327 972 1071 355 384 1162 1486 801 167 660 1217 133 542 767 1225 101 487 889 ]

F: [ 1 2 1 2 1 1 1 1 1 2 1 1 2 1 2 1 1 1 1 1 1 2 1 1 1 2 2 2 1 2 2 1 1 2 2 2 1 1 2 1 2 1 1 2 1 2 2 2 2 2 2 2 1 2 2 1 1 2 2 1 ]

S: [ 0 17 
19 0 ]

A: [ 5 6 5 7 8 7 4 4 7 2 2 9 4 3 5 1 8 9 8 9 5 6 1 4 8 3 1 4 3 9 8 7 5 1 4 1 7 5 3 2 7 2 1 8 4 5 9 9 2 5 9 4 9 7 7 7 7 7 9 9 ]

B: [ 9 7 10 4 7 13 12 5 13 3 3 12 1 9 3 6 8 4 9 9 6 1 1 10 9 7 6 6 12 4 1 4 10 8 6 2 7 3 4 3 3 4 14 1 10 2 6 1 6 1 9 9 13 10 2 8 14 7 11 9 ]


----------


