60 2 1.5 M

P: [ 98 24 75 3 53 29 95 57 82 2 2 14 56 80 58 65 65 87 15 95 59 61 7 5 64 8 63 15 21 9 77 17 32 50 17 82 77 10 37 59 12 39 70 65 17 28 30 82 16 45 77 74 4 82 76 67 87 38 79 8 ]

D: [ 3725 2407 2849 717 3737 201 3426 2535 848 935 410 2983 3834 3747 3622 226 1135 1050 2576 141 283 3310 2665 4050 742 2429 881 3997 2778 3491 3721 2271 4099 2338 1188 3604 2540 383 107 1588 3750 517 339 3352 2464 2161 3578 1799 1411 123 1941 4127 1633 374 3945 2375 2803 3027 2140 3782 ]

F: [ 1 2 2 2 1 1 2 1 2 1 1 2 2 2 2 2 1 2 2 2 1 1 1 2 1 1 1 2 2 2 2 2 1 2 2 1 2 1 1 1 2 1 2 1 2 1 1 2 2 2 2 1 2 2 2 2 2 1 1 1 ]

S: [ 0 62 
84 0 ]

A: [ 5 2 7 3 6 5 4 2 1 7 2 8 9 2 6 2 1 5 3 7 1 9 8 3 8 4 2 9 3 4 1 5 3 7 7 8 2 9 8 2 6 7 7 3 8 3 4 8 6 4 3 6 3 2 8 1 3 7 8 5 ]

B: [ 2 6 2 3 2 1 5 5 10 6 7 6 8 13 14 13 13 12 13 3 13 3 11 4 7 6 8 3 12 3 3 14 7 4 2 8 5 4 12 12 8 2 3 1 13 3 13 11 12 10 11 10 12 7 11 2 12 5 2 8 ]


----------


