60 2 1.5 S

P: [ 26 66 1 32 76 26 88 61 86 36 67 47 16 74 26 59 8 79 71 39 15 44 3 79 14 96 7 34 21 85 99 46 51 97 75 25 21 64 85 7 97 53 52 12 25 75 70 32 54 39 71 67 80 71 46 93 65 50 27 85 ]

D: [ 3499 353 798 40 603 642 2947 1899 1275 1412 3433 1008 1275 4155 623 2762 2412 1515 2024 2815 3236 2829 3541 233 1302 1739 4352 2807 4217 3958 4178 4019 4312 1278 4059 240 1920 3308 3117 3195 1023 1875 506 2298 2332 2106 386 1046 3622 3387 3861 3160 2518 2728 3394 3820 769 4048 2929 1288 ]

F: [ 1 1 2 2 1 1 1 2 1 1 1 2 1 1 2 2 2 1 2 2 2 2 1 1 1 2 1 2 1 1 1 2 1 2 1 1 2 1 2 1 1 1 2 1 1 1 2 2 1 1 1 2 1 2 2 1 1 2 1 2 ]

S: [ 0 10 
5 0 ]

A: [ 2 2 4 6 1 7 1 9 2 1 9 7 2 2 4 7 8 1 6 8 8 3 1 2 3 5 4 6 2 1 2 3 3 4 7 3 1 7 9 9 7 9 6 6 8 9 4 6 8 7 4 4 7 2 5 9 5 6 4 6 ]

B: [ 13 11 4 8 11 11 5 12 9 7 4 10 1 9 10 1 12 1 9 9 6 14 11 9 13 6 14 11 8 12 11 6 7 12 11 1 6 1 13 14 8 14 10 8 6 3 9 2 1 1 10 6 12 5 12 8 10 11 2 1 ]


----------


