60 3 0.5 S

P: [ 96 79 59 64 85 13 87 92 30 50 11 66 79 74 36 39 81 97 61 29 98 62 30 37 7 2 67 67 55 3 58 49 79 17 13 64 30 98 56 59 46 65 26 26 37 59 62 18 54 23 45 53 82 72 87 88 74 52 53 27 ]

D: [ 1071 692 1238 172 1325 121 1104 604 949 318 1132 1322 965 826 104 1111 1374 814 330 1256 349 1278 1165 1575 1184 137 1400 130 663 941 357 119 18 1213 291 961 951 1012 1565 285 1331 699 1607 298 1525 1329 1410 902 145 125 160 495 1020 942 72 589 1079 1472 720 1359 ]

F: [ 3 3 3 2 2 1 3 1 3 1 2 1 1 2 2 2 3 1 1 1 1 3 2 1 3 2 2 1 2 3 2 1 3 2 1 3 3 1 3 2 1 3 3 3 1 3 1 3 3 1 1 1 1 3 2 3 2 3 1 3 ]

S: [ 0 15 15 
4 0 12 
11 20 0 ]

A: [ 4 9 6 9 3 2 9 2 4 9 7 5 5 8 3 4 9 6 7 7 6 2 8 3 2 2 8 7 8 3 6 2 2 1 9 2 2 8 2 3 8 6 7 1 4 9 4 3 3 1 8 8 9 4 1 9 5 6 6 4 ]

B: [ 12 4 3 6 10 11 12 6 7 6 6 10 12 13 1 12 1 8 6 3 3 1 14 5 5 3 14 3 4 7 1 13 10 3 2 3 12 13 6 4 4 11 11 14 7 11 11 7 2 2 9 5 1 6 9 3 6 6 5 7 ]


----------


