60 3 3.5 S

P: [ 71 25 97 25 56 12 54 10 91 69 70 5 2 89 42 54 9 96 20 96 80 55 36 98 90 75 47 77 24 80 56 95 5 54 20 58 63 72 67 53 41 37 57 42 24 99 95 32 93 13 29 74 66 62 70 56 38 15 31 61 ]

D: [ 3162 3523 1879 6473 2125 4684 257 2753 138 9272 6420 3853 10164 3333 8041 4917 566 888 2057 6522 217 2545 10622 8121 9 4370 10556 4727 10918 3044 253 1700 5504 1068 8173 6565 5752 8430 9318 5890 5322 3358 8679 3106 6692 5404 8023 6194 5228 9016 1400 5446 10497 706 1187 9443 4012 428 2854 3614 ]

F: [ 3 1 2 2 2 1 1 3 2 2 2 3 1 2 1 3 2 1 3 2 3 3 3 2 2 3 2 1 3 3 3 2 2 3 2 3 1 3 2 3 1 1 2 1 3 1 1 2 2 1 3 2 1 1 1 2 3 2 2 3 ]

S: [ 0 1 4 
6 0 1 
6 16 0 ]

A: [ 6 3 7 8 8 3 3 8 7 6 3 9 7 5 3 7 6 1 7 8 9 4 3 8 9 8 2 8 9 4 4 5 6 9 4 3 2 4 8 8 9 8 5 4 3 7 1 6 5 6 4 5 9 5 1 7 1 2 3 1 ]

B: [ 7 12 4 7 11 7 9 8 10 1 7 9 7 3 9 8 4 11 11 6 12 12 1 9 14 14 13 11 6 11 2 10 7 5 1 3 12 9 11 5 8 3 14 14 3 6 8 6 2 2 12 13 11 10 8 9 10 4 5 1 ]


----------


