60 3 0.5 L

P: [ 13 13 16 40 12 55 27 89 97 21 81 9 82 46 51 74 34 76 32 68 58 35 73 73 72 98 13 19 5 95 37 17 6 50 55 15 5 81 2 99 1 83 8 82 27 57 55 60 31 86 29 86 19 99 60 91 95 70 10 99 ]

D: [ 1246 364 628 370 246 527 895 1448 72 939 218 1330 397 1192 1063 66 154 821 45 311 1201 671 964 85 547 300 83 161 1273 1352 1163 1299 220 572 449 743 1376 1345 694 1448 787 1189 1281 1461 1162 1125 30 1316 449 75 407 430 747 1372 793 74 452 876 513 505 ]

F: [ 1 1 3 3 3 3 2 3 1 1 3 3 1 1 3 2 2 1 2 1 3 2 3 1 1 2 3 1 2 1 3 3 2 3 3 2 2 2 2 1 3 2 1 1 3 1 2 1 2 1 1 1 3 1 1 3 2 2 1 1 ]

S: [ 0 61 66 
99 0 60 
74 99 0 ]

A: [ 3 4 2 7 8 5 9 6 8 8 7 7 5 8 2 7 3 1 4 4 5 1 8 6 5 2 6 2 8 5 2 1 6 2 6 3 4 5 8 3 4 3 7 6 1 6 3 1 7 7 5 9 7 1 5 2 2 1 1 1 ]

B: [ 1 8 11 4 10 11 12 2 3 11 12 6 10 13 11 7 7 5 11 8 1 10 14 7 3 7 9 14 10 3 8 10 10 3 12 3 13 7 5 13 4 2 4 11 12 13 3 3 1 14 10 1 7 8 5 9 14 11 7 8 ]


----------


