60 3 2.5 L

P: [ 52 74 75 18 95 14 52 77 68 11 94 36 38 40 37 69 26 26 43 42 1 99 57 36 64 88 25 96 60 2 64 10 75 37 25 71 50 76 46 17 84 38 52 23 75 86 91 1 13 32 41 11 29 95 44 92 83 68 86 41 ]

D: [ 6548 4238 5351 3432 2482 4790 3161 2795 6392 6923 1172 4473 6278 7250 645 248 6356 1690 5163 558 2656 4653 5551 1089 2261 5781 3554 5476 5594 3660 3239 4464 220 118 7102 2702 4908 1792 5498 3622 1037 5876 418 7315 5448 269 6769 3333 1960 4255 3097 4616 436 971 4912 1904 5958 788 7380 3874 ]

F: [ 1 3 1 3 2 1 2 2 2 2 3 3 1 2 1 3 2 3 2 3 1 3 1 2 3 3 2 3 3 1 2 3 1 3 3 3 1 3 2 3 1 2 2 2 3 1 2 2 3 3 1 1 3 2 2 3 2 1 3 1 ]

S: [ 0 61 85 
75 0 80 
96 78 0 ]

A: [ 8 3 3 7 3 8 6 3 3 9 9 7 8 2 5 3 9 5 1 4 6 9 2 9 9 3 7 4 2 2 9 8 4 9 3 7 5 6 9 6 5 6 1 1 7 3 4 4 6 2 7 2 8 7 1 6 9 7 7 9 ]

B: [ 12 4 10 10 6 1 12 11 9 2 1 5 3 11 13 7 6 9 6 1 12 8 5 6 5 4 12 1 3 9 14 1 13 7 8 4 7 5 14 1 6 13 5 8 9 1 14 12 9 5 11 7 12 13 10 1 3 5 13 3 ]


----------


