60 3 0.5 M

P: [ 59 45 60 2 29 73 16 41 64 30 76 7 35 80 43 28 22 39 67 87 92 93 92 23 98 8 4 3 41 36 18 97 79 78 98 8 51 13 46 13 42 22 19 76 99 61 4 21 97 71 6 90 62 95 11 58 1 12 60 41 ]

D: [ 515 723 191 591 152 313 508 425 1207 1181 174 382 1193 220 809 1334 44 405 254 1138 230 44 876 1002 280 938 617 812 1400 503 1113 1337 1226 726 506 1378 1040 436 1225 247 195 1400 630 810 1042 861 144 1086 1266 398 802 75 1286 1100 499 145 617 1116 957 17 ]

F: [ 1 2 2 3 3 2 3 3 1 1 2 2 1 3 3 2 3 3 3 2 2 2 3 2 2 1 3 2 3 1 1 1 3 3 1 2 2 3 2 2 2 2 3 3 1 3 2 2 2 2 3 3 3 2 2 2 3 2 3 3 ]

S: [ 0 82 81 
92 0 58 
99 63 0 ]

A: [ 1 2 7 1 9 3 2 6 6 2 2 4 6 4 9 9 1 8 5 5 8 6 8 7 2 6 9 2 2 9 3 1 2 7 1 8 8 2 3 4 1 2 5 5 6 4 2 4 9 7 6 7 3 4 3 2 1 2 3 9 ]

B: [ 1 7 14 2 9 13 7 6 5 12 4 14 11 13 4 10 12 14 1 7 9 13 2 1 4 1 8 13 12 3 2 12 8 13 12 2 12 4 7 14 13 8 13 7 6 14 3 1 14 3 7 6 13 6 5 3 6 10 13 1 ]


----------


