60 3 3.5 L

P: [ 68 66 77 18 17 83 81 23 9 71 84 4 75 52 34 75 10 29 81 29 80 91 69 68 50 59 75 2 54 82 99 20 48 77 36 64 58 17 85 65 87 69 66 63 19 99 36 26 26 18 53 6 7 22 71 55 78 46 56 30 ]

D: [ 4531 842 1285 9643 3114 10842 2778 6520 6913 4821 1484 6091 8118 8773 2344 7620 113 4168 3068 9547 3661 5547 6731 8375 52 5610 806 3101 8329 7328 4627 594 8170 5912 10238 9932 4488 750 4186 10049 5571 5671 5227 2775 2178 6219 9043 939 9035 10759 9135 430 4040 4952 8806 4093 10562 9612 5842 6625 ]

F: [ 1 3 3 3 1 3 2 1 3 2 2 3 3 1 1 1 1 2 3 2 1 3 3 3 2 1 2 2 2 3 1 3 1 1 3 1 3 1 2 3 2 3 3 2 3 3 1 2 2 1 3 3 1 2 1 2 3 3 1 2 ]

S: [ 0 69 93 
96 0 81 
81 66 0 ]

A: [ 8 1 8 6 9 1 7 2 4 7 2 2 3 1 5 2 1 2 2 4 7 8 2 1 7 8 3 5 2 6 9 7 5 5 1 4 3 7 4 4 3 5 5 3 3 7 5 2 6 4 3 3 9 4 2 6 2 4 1 1 ]

B: [ 12 14 3 8 12 12 6 14 6 11 10 4 3 4 2 5 10 9 8 3 8 8 7 4 9 7 3 2 7 8 14 3 8 14 10 5 11 13 2 3 9 10 4 10 13 3 12 6 9 5 6 2 12 13 3 4 3 5 6 10 ]


----------


