60 3 1.5 S

P: [ 71 42 42 94 38 22 45 63 80 80 77 13 98 49 86 41 15 18 53 7 53 37 92 22 47 49 44 40 3 7 53 71 48 95 65 86 15 11 49 94 88 26 5 84 72 89 26 84 7 76 88 59 13 78 80 59 25 22 97 27 ]

D: [ 4407 1938 4274 4157 2262 1541 3974 3169 3693 3209 1670 2848 1726 605 4538 4442 334 1520 1378 3760 4314 1885 3263 795 4018 1225 3575 1564 1895 443 3335 1621 2379 2928 1095 4642 4468 386 3128 3480 3595 115 1647 641 720 1503 402 1052 3023 1778 131 2656 3663 3392 3450 2999 4618 2344 4561 1830 ]

F: [ 1 3 3 2 3 3 3 3 3 3 1 3 2 3 3 2 3 3 2 3 3 1 3 2 2 1 1 1 3 2 1 1 2 3 2 1 3 3 1 3 3 3 3 1 2 3 1 2 3 2 2 2 2 1 3 1 2 1 2 2 ]

S: [ 0 10 6 
2 0 7 
17 17 0 ]

A: [ 3 5 8 1 2 7 1 4 3 3 4 6 1 3 4 8 6 9 1 9 5 9 4 9 8 3 8 8 4 2 7 5 6 5 5 8 1 5 9 3 5 2 6 5 2 9 1 7 6 8 7 1 6 8 8 4 8 4 9 1 ]

B: [ 9 14 10 2 11 6 5 6 9 5 13 9 14 10 11 13 8 1 10 2 1 4 14 14 7 8 12 8 11 2 2 5 1 11 5 10 2 7 1 10 11 12 4 10 7 12 7 13 13 14 12 13 3 11 10 7 5 7 12 13 ]


----------


