60 3 2.5 M

P: [ 53 1 47 57 77 85 21 49 73 87 54 16 44 49 12 20 82 92 44 37 90 80 95 38 55 90 81 95 8 45 43 58 44 87 15 21 70 33 69 43 21 23 56 64 69 67 82 50 60 24 84 48 2 79 85 56 67 64 52 74 ]

D: [ 5033 2531 5983 2379 1815 1094 5979 4627 5208 5357 7713 1645 4126 1140 8147 618 3806 913 5518 2861 7681 1276 7601 1092 2347 3937 6274 1882 2484 5249 1974 7517 2585 7957 1678 4400 833 2461 3831 6042 2622 3326 2491 6748 4467 2420 2171 3077 6355 7689 5938 5818 748 125 1714 6117 4062 7989 7999 6546 ]

F: [ 3 2 1 2 3 3 1 1 1 2 2 1 3 2 1 3 3 1 2 1 3 1 3 1 1 3 2 1 3 1 2 3 1 1 3 3 3 1 1 1 2 1 1 2 2 2 2 1 3 1 2 3 1 2 3 2 1 2 3 1 ]

S: [ 0 89 85 
96 0 59 
94 63 0 ]

A: [ 6 3 5 5 6 1 8 1 8 7 3 4 4 9 5 7 8 3 3 8 4 4 1 1 7 1 7 8 1 6 9 5 8 2 9 2 2 7 9 1 4 3 2 5 2 4 2 8 6 2 6 8 5 5 8 2 5 3 8 3 ]

B: [ 5 13 14 4 8 13 13 3 8 12 13 7 6 10 7 3 14 13 4 5 4 7 6 8 6 2 7 2 5 8 13 7 4 10 10 9 9 6 11 2 4 10 7 7 3 13 7 3 9 10 5 10 1 8 2 6 9 8 6 11 ]


----------


