60 3 3.5 M

P: [ 94 75 20 97 70 71 39 60 55 48 3 34 30 12 15 89 11 24 93 81 31 39 45 84 28 80 40 30 32 92 39 26 65 58 23 34 27 61 93 82 8 93 14 37 5 26 26 14 47 20 94 77 56 37 60 81 18 99 11 47 ]

D: [ 1079 9548 4516 4138 230 5166 2223 10105 267 4814 4161 9382 3543 8314 7038 7140 9700 3910 2887 5888 6326 5287 4502 7606 8024 6952 6295 9446 2529 3658 3737 4614 3055 8253 8753 4291 3268 1831 5251 4542 6645 9412 3773 1044 7576 1666 8184 7125 5577 1926 3868 1752 8219 9376 9358 6092 6177 6509 5388 9713 ]

F: [ 1 3 1 1 1 2 3 3 1 2 2 2 3 1 3 1 2 1 2 2 3 1 2 2 2 1 3 1 3 1 1 3 3 2 1 1 1 1 1 1 3 2 3 2 3 3 3 2 3 2 1 1 3 2 3 2 1 2 3 3 ]

S: [ 0 62 54 
99 0 62 
76 94 0 ]

A: [ 3 8 8 7 6 5 4 6 4 4 9 7 6 6 9 8 3 3 1 9 8 7 2 1 4 5 8 5 2 9 9 2 6 6 9 2 1 1 7 2 2 4 6 8 1 6 6 3 6 4 9 4 2 2 2 3 4 9 7 3 ]

B: [ 4 11 11 8 8 5 9 5 8 13 4 5 9 10 3 10 8 10 4 8 5 4 12 12 5 14 3 10 11 12 8 14 9 4 6 14 9 12 4 14 8 6 2 2 13 2 9 6 9 11 11 14 14 6 11 2 5 12 11 1 ]


----------


