60 3 1.5 L

P: [ 27 81 47 38 37 27 40 31 88 84 53 11 64 4 86 86 96 57 78 61 32 30 84 55 12 95 61 75 12 49 82 36 30 27 73 67 51 11 95 39 95 46 49 57 49 33 43 44 90 21 3 22 48 87 74 60 80 36 35 91 ]

D: [ 3911 4491 4492 2310 1227 2099 251 2179 2239 4064 2810 4753 809 4539 2949 2286 3076 338 3495 327 4636 1944 4735 2635 3812 3786 1330 20 2226 4520 1241 2010 121 1607 4320 1984 3706 4572 37 1182 4509 2847 1809 1191 2623 631 4113 1572 969 2845 2535 1478 27 2508 4114 4475 1531 1317 368 4393 ]

F: [ 3 1 2 2 3 3 3 1 3 2 2 2 2 3 2 1 3 3 3 2 2 1 1 3 3 2 3 3 2 2 3 2 2 1 1 2 1 1 2 1 3 1 2 2 1 1 3 3 2 2 2 1 2 3 1 2 2 3 2 3 ]

S: [ 0 52 91 
74 0 56 
52 65 0 ]

A: [ 5 3 1 1 7 8 2 8 1 8 1 9 2 3 4 4 3 7 7 3 9 8 9 3 3 5 4 3 5 3 6 8 3 7 8 9 5 9 5 5 7 3 4 9 5 5 1 7 2 5 7 2 3 7 2 3 9 5 3 2 ]

B: [ 10 6 8 11 3 1 13 3 7 10 7 8 4 2 10 14 10 1 13 11 7 1 7 8 11 3 12 2 11 11 4 7 14 10 3 2 10 2 4 14 11 8 7 12 7 14 11 1 14 8 11 4 8 3 12 2 3 9 3 13 ]


----------


