60 3 1.5 M

P: [ 70 36 14 30 19 30 5 7 51 44 47 56 83 75 19 73 96 56 82 69 54 35 53 14 11 80 88 52 25 54 1 95 87 12 23 6 41 27 10 89 68 57 45 52 30 62 23 26 16 3 95 70 37 48 81 45 29 70 95 53 ]

D: [ 2248 3881 354 2238 2252 1106 4204 3536 1 4226 1279 4072 65 2827 3508 2430 3769 3782 4004 4077 1566 2386 3703 62 921 1410 1920 1876 4188 3862 1436 2199 938 1791 200 3190 329 1836 2489 331 1825 1201 166 1890 4028 3674 83 992 651 1520 832 2217 1338 1968 2279 2259 3378 1631 4135 3329 ]

F: [ 2 3 2 2 2 1 1 2 2 3 1 1 2 3 3 3 1 2 1 1 1 1 3 3 2 3 1 2 3 3 3 1 3 2 3 1 2 3 3 3 1 1 1 3 2 2 3 2 3 3 3 1 1 3 3 2 1 1 1 3 ]

S: [ 0 52 87 
87 0 72 
100 86 0 ]

A: [ 2 6 7 4 3 8 1 1 7 8 8 4 2 4 2 2 5 5 2 3 2 2 1 8 8 5 9 8 3 2 9 4 8 6 5 8 4 3 6 8 9 5 3 1 6 2 9 9 6 1 2 5 3 2 2 8 7 8 7 7 ]

B: [ 11 5 14 12 3 5 6 5 14 5 11 5 2 9 9 11 4 6 12 13 10 8 13 2 12 10 9 13 8 12 11 3 14 8 14 14 10 6 4 9 8 13 12 9 7 6 5 9 10 1 7 5 6 3 6 3 13 14 13 4 ]


----------


