60 3 2.5 S

P: [ 12 38 91 97 29 36 85 74 45 36 59 4 40 65 95 21 24 77 77 33 47 25 71 44 67 29 65 78 16 87 64 25 23 54 22 52 87 6 26 32 41 82 35 80 48 28 98 69 3 75 99 49 97 68 90 64 94 53 42 10 ]

D: [ 563 4329 870 5142 5547 3093 2965 4712 1152 6135 575 1668 3347 7238 6361 6596 5136 6722 1390 7551 5859 5062 524 5016 4077 7020 4907 7088 6186 4384 5941 6750 7281 6811 3934 3438 1946 6899 192 1667 5076 767 3335 6991 6573 306 5629 3752 7029 5587 3345 3498 2692 3869 556 6769 1499 4031 4467 7686 ]

F: [ 2 1 3 2 1 3 2 1 3 3 2 1 1 3 2 1 3 1 1 3 3 1 2 1 2 2 3 1 1 3 2 2 1 1 1 1 1 2 2 3 2 1 2 3 1 1 3 1 1 1 3 1 2 2 2 1 3 1 3 3 ]

S: [ 0 14 5 
16 0 7 
7 18 0 ]

A: [ 3 9 8 3 7 1 6 5 3 1 8 1 7 6 5 1 5 4 2 3 8 5 5 8 8 9 2 7 2 5 1 2 5 8 4 2 7 8 6 9 8 2 7 4 7 2 2 2 4 4 3 2 6 7 7 4 4 8 8 5 ]

B: [ 1 2 10 10 8 9 5 4 14 6 14 5 6 9 6 6 8 14 11 8 7 1 4 5 5 11 9 6 12 12 14 10 13 7 5 6 1 7 7 12 10 7 1 13 13 6 4 6 5 14 12 11 14 1 13 2 10 8 7 7 ]


----------


