60 4 1.5 M

P: [ 14 85 30 17 62 79 85 78 9 53 15 49 15 69 43 26 78 20 35 65 96 37 48 48 11 22 32 56 5 94 34 18 80 63 32 42 41 18 18 49 70 31 95 82 99 39 6 76 56 40 41 52 76 88 97 84 10 30 38 12 ]

D: [ 708 621 715 3432 1892 102 1760 1631 3643 608 234 4072 4213 1777 1148 760 3516 4244 2261 153 1427 130 2604 2587 1099 3568 2621 2312 3657 4300 2734 25 581 3449 3458 2474 3983 1310 4105 3286 2350 0 3018 2656 2209 258 3848 1385 162 1769 1970 2021 2331 234 268 3430 3802 2889 1834 3551 ]

F: [ 3 1 2 4 3 4 2 2 2 4 1 4 4 3 4 1 2 4 2 4 1 4 2 4 2 2 2 1 4 1 4 2 1 1 1 3 4 3 1 1 2 1 1 1 3 4 1 4 4 2 4 4 1 1 4 2 2 1 2 1 ]

S: [ 0 87 98 91 
77 0 90 53 
99 91 0 75 
85 76 53 0 ]

A: [ 2 1 9 4 8 6 3 6 9 7 9 5 6 5 6 4 7 3 3 7 6 9 4 3 5 3 4 6 2 1 2 2 1 8 5 8 2 5 2 1 3 2 3 6 6 6 7 1 8 8 6 4 7 9 5 9 2 8 5 4 ]

B: [ 10 12 13 6 6 10 10 5 14 3 14 5 1 11 5 5 3 14 5 13 10 10 2 8 7 5 10 5 3 14 10 10 11 8 1 2 1 9 6 14 11 3 3 9 13 5 11 14 4 1 10 14 8 11 5 13 2 1 3 4 ]


----------


