60 4 3.5 L

P: [ 80 55 12 54 61 19 38 41 27 56 97 4 81 27 73 9 81 77 86 4 42 76 33 26 4 40 8 97 26 99 91 4 52 1 55 13 20 92 54 44 48 49 47 29 73 20 35 52 95 22 53 35 95 86 60 98 24 66 93 47 ]

D: [ 5584 5595 9259 8520 8451 9655 3825 5315 822 6534 4234 5349 9191 4697 7589 2642 9638 6934 9273 1483 6908 3292 5867 10137 438 135 3965 8698 10253 1192 2759 109 6787 6743 8629 9962 670 7179 4826 1493 8437 3784 1566 7176 3205 9156 9819 7567 362 3364 9050 7270 1380 4466 1679 6995 9777 5644 5241 9578 ]

F: [ 1 1 4 4 4 2 2 3 1 4 4 2 4 2 3 2 2 2 1 4 2 4 2 2 2 1 1 3 1 2 1 1 3 4 4 2 1 2 4 1 1 3 3 1 1 1 2 2 2 2 2 3 1 3 4 2 4 1 4 4 ]

S: [ 0 92 69 55 
62 0 84 85 
57 65 0 88 
78 91 85 0 ]

A: [ 7 3 5 4 5 2 2 8 2 5 6 7 9 1 6 8 6 4 4 9 5 2 6 3 8 3 1 6 8 8 2 5 1 6 8 3 7 7 1 7 3 4 4 2 4 7 9 8 8 1 7 2 1 1 4 8 4 4 2 9 ]

B: [ 1 8 2 8 4 13 3 7 8 3 7 5 12 1 14 8 4 4 12 7 13 4 12 4 11 2 5 1 6 8 14 6 1 13 12 5 11 14 9 3 3 13 7 14 11 5 5 12 8 2 4 4 5 1 5 14 1 9 14 6 ]


----------


