60 4 0.5 L

P: [ 1 75 96 28 11 5 78 14 21 1 20 65 33 63 92 48 94 57 90 54 68 73 76 51 59 91 89 54 71 32 30 69 5 27 97 14 29 73 25 47 72 44 12 5 6 2 50 99 59 39 52 25 12 28 73 69 19 62 23 87 ]

D: [ 1403 472 97 499 572 358 1385 774 941 630 438 614 249 152 1048 1063 185 1056 354 1164 1096 958 387 1325 232 848 985 1327 963 1224 988 934 264 1085 0 836 10 73 299 1072 703 858 254 1073 1010 1423 703 1195 1046 1058 926 830 704 2 723 1058 971 396 952 501 ]

F: [ 3 1 3 2 3 1 3 4 3 2 4 1 3 1 4 1 1 2 3 3 3 4 2 1 1 1 3 4 3 2 2 1 2 1 2 1 1 4 4 4 2 3 4 4 3 3 4 4 4 3 2 2 2 3 3 2 4 1 1 2 ]

S: [ 0 67 100 58 
84 0 84 81 
73 79 0 89 
86 51 51 0 ]

A: [ 5 1 9 8 5 5 8 3 8 8 2 8 2 9 5 3 5 6 5 4 9 1 7 9 5 8 8 4 5 3 9 7 3 8 5 6 1 2 8 7 7 7 5 8 5 8 1 9 4 3 3 1 3 1 1 7 6 8 9 8 ]

B: [ 12 10 6 3 3 7 3 7 2 1 7 4 7 12 9 10 8 2 11 13 4 7 12 6 14 1 10 13 6 4 7 3 11 11 4 11 3 6 3 2 5 8 3 9 5 11 4 10 11 14 8 14 4 3 3 2 1 12 14 5 ]


----------


