60 4 2.5 S

P: [ 31 22 3 29 22 45 85 13 70 66 18 40 83 77 17 3 46 91 5 15 1 13 59 35 65 27 27 46 93 56 57 24 75 57 52 97 99 38 8 69 2 25 7 82 3 23 85 48 12 89 60 12 1 20 45 63 44 71 7 38 ]

D: [ 3832 4193 4578 4428 5311 2738 4144 5983 687 2045 3873 2236 2635 5434 5639 5031 1611 2805 3150 5177 1856 6144 2444 6183 1544 1453 1097 2982 3654 1166 2135 1195 4889 6244 5624 3439 2691 3007 3131 2908 4583 243 4674 927 5677 4022 5958 997 66 2817 6175 1923 2200 1858 1815 3274 3311 2443 6257 674 ]

F: [ 2 4 4 2 4 1 1 4 3 2 2 4 4 4 3 2 1 4 3 1 4 4 2 2 3 2 2 4 3 1 2 1 4 1 2 4 1 2 3 3 3 1 3 3 4 1 4 4 1 2 4 4 2 1 1 4 3 2 4 1 ]

S: [ 0 18 9 13 
6 0 13 2 
13 13 0 20 
15 19 14 0 ]

A: [ 8 6 4 8 3 4 9 3 2 6 5 5 1 9 6 3 1 3 3 4 6 1 4 9 7 8 7 5 1 9 4 8 3 7 7 5 2 4 5 3 9 7 5 9 7 8 9 5 2 1 8 5 1 1 5 5 8 9 1 8 ]

B: [ 2 1 11 11 2 12 10 2 4 7 10 4 11 9 10 14 11 8 13 14 12 14 12 12 11 12 14 14 4 8 11 3 6 5 11 5 14 5 7 3 11 2 4 7 11 11 5 5 5 1 2 14 14 13 12 8 11 9 6 12 ]


----------


