60 4 2.5 L

P: [ 46 15 2 16 37 19 62 94 36 7 1 99 14 44 80 99 93 38 52 86 81 75 42 73 67 63 27 80 19 7 19 62 19 19 77 56 35 37 48 68 41 47 65 55 88 45 54 82 83 7 68 64 79 9 35 46 71 61 24 88 ]

D: [ 1639 5596 3733 5414 1805 1783 1131 159 5141 2193 4411 5602 3859 6747 5128 851 1112 5716 3503 1567 6292 2869 7515 4604 2050 2605 307 5613 5139 4248 5512 3608 6674 6075 1456 913 292 6983 1072 5434 1611 2314 300 2300 5891 2258 3151 3833 408 3484 2231 3531 3184 2180 569 5234 1615 876 111 3584 ]

F: [ 2 4 4 2 4 4 2 2 2 4 4 3 2 2 3 3 4 1 1 1 3 2 4 1 2 1 4 1 2 3 2 3 3 1 4 2 4 1 3 1 1 3 3 2 4 2 1 4 2 1 4 4 2 3 1 3 3 4 3 4 ]

S: [ 0 95 94 51 
73 0 76 98 
59 99 0 67 
90 57 62 0 ]

A: [ 3 2 4 9 6 9 7 5 6 3 2 4 6 6 6 3 8 5 1 2 4 6 3 9 5 4 9 4 8 8 2 8 7 5 7 3 4 5 7 7 7 6 1 2 1 4 4 8 8 2 7 9 7 8 9 9 9 8 2 7 ]

B: [ 8 5 4 2 6 14 3 8 4 2 7 7 9 10 8 5 3 12 3 12 10 14 6 5 12 7 2 12 2 4 7 10 6 8 9 9 7 10 2 9 9 6 1 3 1 6 7 1 3 8 13 12 7 2 14 4 8 14 13 7 ]


----------


