60 4 1.5 S

P: [ 87 44 50 72 14 60 96 88 68 12 89 2 52 11 89 57 80 70 86 15 5 68 79 33 5 93 95 10 80 90 56 68 35 7 38 48 66 33 37 32 44 24 33 95 34 22 50 13 89 34 25 93 2 5 25 4 97 20 14 77 ]

D: [ 3557 438 4342 2463 1220 1990 4153 1738 4222 3356 644 4224 1776 54 890 2607 1758 2173 3238 3165 4252 1337 958 243 2193 2587 2273 1440 654 3730 1741 3524 4168 1016 919 1008 3006 691 2059 2847 4048 2703 2003 756 2070 2893 2676 3829 4379 1534 2613 4250 2184 3571 3806 3690 1091 1698 62 1058 ]

F: [ 3 1 3 4 2 1 3 1 4 4 2 4 1 2 2 3 4 1 1 1 4 4 1 1 1 1 2 1 1 2 1 4 2 3 3 4 3 1 4 3 4 2 2 4 3 4 2 3 4 2 3 3 1 4 3 2 4 4 2 4 ]

S: [ 0 9 19 3 
10 0 17 5 
5 8 0 1 
9 6 12 0 ]

A: [ 8 8 7 1 4 2 2 6 1 4 7 6 2 2 1 6 3 9 5 3 5 9 3 8 1 4 5 5 7 2 5 5 8 2 4 9 2 3 6 2 4 1 5 5 3 6 1 5 3 6 8 7 3 8 5 1 2 8 5 9 ]

B: [ 6 7 3 10 10 5 6 8 11 12 12 6 2 3 3 9 9 11 4 8 13 8 12 11 13 7 12 11 3 9 11 9 13 12 2 9 2 7 14 12 2 12 2 4 12 2 10 6 12 13 13 11 4 8 5 14 12 14 11 1 ]


----------


