60 4 1.5 L

P: [ 31 36 27 87 90 25 33 15 36 99 63 78 56 86 55 79 60 29 24 89 80 90 39 88 62 11 67 87 68 5 28 97 40 53 82 30 77 15 44 11 14 6 88 70 91 41 47 50 69 70 37 47 58 75 36 18 83 3 6 50 ]

D: [ 3054 3341 4534 2543 225 1634 1548 2081 3804 2260 3928 3662 681 2134 2620 4609 2898 3016 2975 2329 784 2142 219 2744 1444 2674 1925 1865 1465 4326 2475 4519 2971 2312 1208 2039 2789 2756 4121 740 320 3352 4402 4541 4330 1168 4453 2531 4184 1574 3703 271 2559 2766 1858 4003 743 3783 15 1051 ]

F: [ 4 4 3 1 4 1 2 2 2 2 1 2 2 3 1 3 2 1 4 2 3 3 4 3 3 3 3 2 3 2 3 2 1 1 2 4 1 3 2 3 1 2 4 2 1 4 4 2 1 3 4 3 1 3 1 3 2 3 1 4 ]

S: [ 0 89 94 99 
63 0 82 86 
74 85 0 95 
96 94 55 0 ]

A: [ 1 8 8 6 1 4 3 4 9 5 4 8 8 2 4 4 3 2 6 2 1 4 6 5 3 3 7 3 4 8 2 4 5 7 7 5 2 1 8 8 5 2 4 1 1 7 4 1 6 7 3 6 8 8 9 8 8 6 9 1 ]

B: [ 9 7 4 5 2 7 3 9 1 9 8 13 11 10 1 1 6 2 1 10 1 1 10 6 13 8 4 10 1 1 1 9 7 4 11 6 10 13 1 8 5 6 5 13 1 3 11 7 2 11 14 2 9 9 6 8 3 9 1 3 ]


----------


