60 4 2.5 M

P: [ 66 7 36 19 21 17 94 63 35 95 62 39 29 33 28 88 85 30 19 86 80 35 20 9 32 64 89 49 35 83 58 1 87 94 17 8 9 10 70 43 5 30 79 31 62 7 19 45 37 35 31 15 69 49 23 99 13 12 48 46 ]

D: [ 4284 2776 4234 4071 922 4020 5761 6078 5217 911 970 5021 4799 190 529 3409 3758 3286 549 3231 615 149 6314 4014 1286 1354 3320 3507 6445 1815 6357 2412 4591 2274 6483 3696 4477 5744 1456 3193 4838 2426 6397 3137 799 5109 45 4557 1895 5278 1288 693 3610 1101 2890 4896 638 4394 1903 583 ]

F: [ 3 2 3 3 4 3 2 4 4 2 2 3 1 1 4 3 2 2 4 1 3 2 4 3 3 3 4 4 4 4 3 2 2 1 4 1 4 1 1 3 2 2 1 2 2 4 4 4 1 3 4 4 1 4 2 3 2 1 2 1 ]

S: [ 0 74 100 55 
72 0 84 73 
78 66 0 90 
89 77 66 0 ]

A: [ 6 7 7 5 1 9 1 5 4 9 5 7 3 2 3 4 5 9 5 2 8 3 2 2 1 9 1 5 3 7 3 6 4 9 8 4 8 9 9 9 6 2 7 8 2 9 9 6 6 4 7 2 6 6 4 4 5 2 6 5 ]

B: [ 13 7 13 12 4 14 10 12 4 14 5 13 9 14 12 5 13 10 4 8 13 4 13 14 2 9 7 10 4 10 4 2 14 1 11 3 12 6 14 1 3 4 11 12 4 8 2 14 1 4 7 13 5 5 10 7 13 2 14 2 ]


----------


