60 4 0.5 S

P: [ 56 61 84 71 68 94 94 36 79 75 67 56 99 1 24 41 27 44 87 77 63 21 1 30 74 91 19 51 93 38 51 47 96 35 18 65 28 10 1 7 84 65 60 81 65 84 20 91 26 8 67 89 26 67 17 99 56 33 50 47 ]

D: [ 1097 1474 1103 892 369 1595 1293 579 789 556 826 1407 509 1321 268 148 1036 1586 956 354 94 767 530 659 1596 813 1195 1334 613 1327 1036 102 1545 884 994 658 871 1032 1238 404 1588 808 556 490 521 824 990 301 802 338 656 1249 1458 1186 300 190 744 240 268 1357 ]

F: [ 4 2 4 1 2 2 3 1 2 1 2 3 2 2 1 3 2 3 1 4 1 1 1 3 3 2 2 3 2 2 4 1 3 3 1 4 1 3 1 2 4 2 4 1 3 4 3 4 2 3 3 3 3 4 1 2 1 2 4 2 ]

S: [ 0 8 20 14 
18 0 14 10 
14 2 0 8 
18 12 11 0 ]

A: [ 7 9 8 3 8 2 1 4 2 2 6 5 3 8 2 1 4 4 8 5 3 9 1 8 1 6 9 9 6 7 1 3 5 9 5 3 8 3 4 9 4 1 2 5 6 3 3 9 5 9 3 5 8 1 3 9 6 3 6 2 ]

B: [ 1 10 13 3 6 9 5 13 10 1 6 2 2 6 1 3 8 1 13 10 8 6 1 13 1 8 8 1 3 6 7 1 2 5 2 5 11 6 4 6 6 7 6 7 12 6 9 3 4 6 12 9 9 13 6 10 4 13 8 4 ]


----------


