60 4 0.5 M

P: [ 49 74 66 43 75 16 64 8 85 75 96 95 1 74 89 69 88 27 53 96 25 56 52 6 47 95 64 83 33 87 52 79 59 18 20 35 32 84 40 17 59 36 10 60 9 96 27 96 24 77 90 48 31 40 51 77 33 13 58 66 ]

D: [ 824 563 868 777 174 1578 909 256 333 1440 1558 1297 1587 408 1007 966 360 986 529 280 449 1283 262 1126 1196 276 1485 199 585 1056 34 1026 5 520 189 1411 483 715 52 816 541 1227 115 513 20 1123 1096 380 111 10 277 560 910 157 1304 108 50 1174 1540 635 ]

F: [ 1 1 1 3 2 1 4 2 1 2 2 4 1 4 4 1 1 3 4 1 2 2 4 3 1 1 1 3 3 2 2 3 3 2 2 4 2 1 2 3 3 3 2 3 2 2 3 2 4 3 3 2 4 2 4 4 2 4 2 4 ]

S: [ 0 96 98 56 
96 0 77 86 
90 52 0 65 
52 52 52 0 ]

A: [ 2 1 1 5 3 7 9 8 8 7 5 8 4 7 8 5 5 5 9 2 5 3 8 8 9 5 8 2 8 6 4 9 4 2 4 6 8 1 5 4 7 7 2 1 5 7 3 9 9 9 1 5 3 6 1 2 8 8 1 6 ]

B: [ 7 9 13 10 8 12 4 12 5 5 5 10 12 12 10 5 2 12 1 6 3 9 3 4 12 11 7 11 9 7 4 13 13 1 8 7 12 11 2 14 1 6 9 13 3 5 1 3 14 2 6 2 10 8 4 6 4 10 2 10 ]


----------


