60 4 3.5 S

P: [ 52 76 53 40 48 52 22 1 87 46 48 27 91 83 3 83 73 40 16 82 82 66 20 5 18 9 77 31 89 72 14 42 46 64 79 93 16 98 94 1 44 40 26 34 24 26 17 96 65 30 79 46 96 98 50 14 5 26 43 94 ]

D: [ 7371 1994 9786 8224 1304 4765 4642 8026 7604 5786 3511 9401 7707 4935 5552 4028 3973 7540 1972 616 3867 9221 494 9566 6418 4540 10151 9940 5543 612 4241 2442 2606 8556 5195 3910 2848 9837 6465 10452 5151 9977 3909 2385 9441 3990 942 7944 1057 7916 8560 9927 1194 9054 3549 7612 8123 8229 1608 3194 ]

F: [ 1 2 2 3 3 1 3 1 3 2 4 2 1 2 4 1 4 3 4 1 4 2 2 3 4 3 3 4 2 4 2 3 1 3 1 4 3 3 4 2 1 3 3 1 1 3 1 4 1 4 4 4 1 2 2 4 4 1 4 1 ]

S: [ 0 16 17 15 
12 0 16 16 
11 10 0 10 
11 7 10 0 ]

A: [ 6 5 4 1 2 9 5 1 4 1 5 2 9 7 2 2 1 5 6 7 6 6 8 3 3 5 2 5 3 5 3 9 7 6 7 6 5 3 7 6 1 2 8 9 8 9 1 7 2 6 4 5 9 9 8 9 3 7 3 5 ]

B: [ 13 12 14 3 6 1 1 6 11 1 11 2 10 4 7 2 11 3 14 7 10 13 8 2 6 14 12 10 12 13 7 11 8 7 13 13 7 11 3 1 10 13 14 5 14 4 6 10 4 3 2 13 2 9 12 5 7 10 14 4 ]


----------


