60 4 3.5 M

P: [ 15 23 73 70 22 90 88 20 47 85 19 24 63 24 19 75 11 17 34 30 22 61 13 86 39 30 60 94 35 18 18 48 39 91 18 60 81 4 78 26 89 94 49 50 19 66 26 29 82 59 57 2 19 69 88 57 96 46 49 32 ]

D: [ 6162 7547 8571 627 480 2105 39 3792 2220 5237 9599 2095 8937 2385 6765 3483 1944 458 4487 706 151 5930 1235 6175 8036 1842 4513 836 952 4762 4936 5570 797 3538 4653 1277 4099 4692 3525 4775 9930 3156 6871 8898 3997 2123 868 5941 2581 3811 6647 2732 8198 7882 7364 6265 9725 1908 5557 9133 ]

F: [ 3 2 3 1 3 3 2 4 3 1 1 4 4 2 3 4 4 4 3 2 1 2 4 3 3 4 1 2 4 2 4 2 3 2 2 2 4 3 1 3 3 1 2 2 2 1 1 1 4 3 2 4 4 2 2 3 1 3 4 4 ]

S: [ 0 69 65 84 
89 0 60 77 
92 76 0 61 
64 55 57 0 ]

A: [ 5 2 7 9 9 1 7 1 4 4 9 7 4 5 9 7 1 6 8 2 9 3 7 9 9 7 8 5 8 9 2 1 2 6 9 1 7 5 8 1 8 6 5 2 8 5 8 8 1 4 9 9 7 4 6 4 8 5 8 4 ]

B: [ 11 5 11 12 8 1 13 13 7 10 7 6 2 3 5 6 6 5 14 3 8 5 3 2 1 1 12 5 10 10 14 4 1 10 2 8 8 14 4 1 9 10 4 9 10 7 12 14 11 12 2 4 2 3 4 2 3 13 5 10 ]


----------


