60 5 0.5 M

P: [ 17 33 43 49 64 18 31 36 75 79 86 18 23 81 5 75 1 97 18 88 83 20 73 18 85 76 18 92 75 75 44 90 8 87 39 69 3 67 4 77 46 87 93 66 68 95 42 67 92 57 55 74 74 27 89 59 3 7 51 75 ]

D: [ 168 101 858 735 732 1294 48 257 1257 1413 90 400 575 1482 1325 1332 622 399 165 36 520 1403 1058 1017 1433 849 1459 94 12 226 1463 180 327 1539 134 277 1199 182 534 823 813 1476 441 1388 1324 132 1086 312 1384 469 1201 1122 1091 625 505 108 1475 1183 203 1487 ]

F: [ 1 1 2 5 4 1 5 4 5 3 1 1 5 5 2 3 1 5 1 1 4 3 3 1 1 3 5 4 3 4 1 5 1 4 4 4 4 3 4 5 1 1 5 5 5 3 4 1 4 4 3 3 3 2 3 4 2 4 4 4 ]

S: [ 0 55 86 56 58 
75 0 72 91 77 
74 98 0 60 82 
60 84 94 0 87 
63 67 85 100 0 ]

A: [ 8 8 7 1 7 4 3 7 5 5 7 1 1 6 8 5 1 7 2 9 7 9 2 2 7 3 8 4 3 5 1 1 1 5 1 7 8 2 3 4 6 7 2 4 1 7 8 1 5 8 1 9 5 2 1 2 3 6 6 5 ]

B: [ 7 11 14 13 1 11 1 4 11 12 10 5 11 1 9 4 4 5 2 7 2 14 7 13 4 4 3 5 4 6 10 10 2 9 7 14 3 7 1 14 2 10 4 10 10 10 13 12 1 14 4 14 12 9 13 1 10 13 5 13 ]


----------


