60 5 3.5 L

P: [ 82 41 93 45 25 49 35 58 40 34 88 20 71 57 56 95 37 32 72 72 56 29 74 31 73 3 74 69 53 98 69 36 39 60 80 62 9 14 18 46 45 6 66 16 60 22 9 96 52 80 66 6 8 38 34 80 38 6 47 91 ]

D: [ 7476 8232 4050 6192 1839 7676 5758 4575 5619 2296 273 386 7514 3989 5788 9987 8151 9660 7283 5434 3144 4734 6249 7296 3465 232 1240 7146 10316 4342 1526 6765 2211 4912 2593 3386 1561 7687 7962 7180 9983 8235 7567 6469 1196 2327 6093 8683 1623 2348 3754 4103 7082 9339 1035 9883 9572 1611 6002 8860 ]

F: [ 2 3 1 2 1 3 5 1 5 4 2 5 2 5 4 2 4 1 4 5 4 5 3 5 4 1 3 4 5 5 5 1 3 2 4 5 5 4 2 4 4 5 3 1 5 4 4 3 1 2 2 5 1 2 4 5 2 3 5 3 ]

S: [ 0 100 79 60 74 
88 0 85 76 94 
73 67 0 95 69 
75 60 65 0 81 
67 60 85 56 0 ]

A: [ 6 1 7 1 9 1 8 5 9 8 3 9 9 9 5 5 5 7 3 7 3 1 7 7 7 9 8 5 4 9 2 7 7 7 6 7 7 4 9 4 9 2 3 7 8 5 9 4 2 1 1 4 1 7 2 7 4 7 9 5 ]

B: [ 14 4 3 3 13 11 10 12 7 9 13 9 9 9 10 7 7 10 6 11 8 2 2 9 7 12 5 4 4 11 3 3 13 5 6 11 13 1 8 6 7 5 12 2 13 7 6 3 14 11 11 6 10 13 12 14 10 1 3 14 ]


----------


