60 5 1.5 L

P: [ 99 93 95 65 11 22 21 93 26 86 25 83 88 71 92 27 39 37 39 7 1 22 37 84 15 29 73 50 57 85 34 57 78 28 20 86 49 38 79 74 25 5 57 11 73 48 38 10 82 74 16 83 95 53 67 10 79 38 57 34 ]

D: [ 1644 3498 3722 1598 4014 777 3608 2938 1219 2932 319 2052 199 2477 1832 3276 3027 2499 2949 1827 600 1722 79 815 2710 3260 2405 334 1596 576 1696 2608 3442 181 3574 2218 958 2576 550 2177 271 869 3597 470 2714 192 3115 1135 2691 1458 2331 2660 3180 1778 2843 652 433 643 986 1397 ]

F: [ 5 2 4 3 1 3 4 4 4 3 3 3 1 3 3 3 3 4 2 2 2 4 3 4 4 4 2 2 3 5 1 2 3 1 1 3 5 1 4 3 3 3 2 1 5 5 3 3 3 4 4 4 5 3 3 3 1 1 4 4 ]

S: [ 0 83 59 60 72 
98 0 94 84 89 
69 75 0 80 75 
91 64 99 0 83 
91 77 68 92 0 ]

A: [ 5 3 8 4 9 4 9 5 7 6 5 4 2 6 5 1 2 5 8 8 4 4 5 8 8 9 4 4 8 4 4 4 4 2 5 3 6 3 6 3 8 1 4 1 4 8 8 5 2 6 4 5 9 6 3 6 6 5 9 2 ]

B: [ 9 13 13 8 9 1 1 10 4 3 12 8 11 12 14 11 6 11 2 8 7 6 6 10 14 1 2 4 3 14 14 10 12 12 3 4 10 1 14 13 2 9 5 10 6 2 6 11 10 7 2 3 12 5 12 10 6 11 13 6 ]


----------


