60 5 2.5 S

P: [ 75 72 68 89 32 5 68 68 82 43 76 13 93 98 69 91 33 1 55 88 4 87 22 68 36 29 65 1 96 47 78 71 17 44 60 48 49 26 15 31 67 90 41 60 86 10 49 19 8 3 7 9 89 26 77 23 52 42 24 48 ]

D: [ 3247 6038 4945 4639 1955 3785 5453 6159 5833 1186 5464 6001 5822 6341 6355 4865 2163 430 3695 602 6465 102 3149 1942 5854 1417 5615 6684 4905 4550 644 952 3230 5747 5749 5186 2333 3845 4145 808 5031 2252 6967 3654 1393 6122 1161 3557 6552 5014 4317 5817 5117 108 401 3771 1526 6175 3097 6589 ]

F: [ 5 1 2 3 4 3 2 2 2 2 4 3 5 2 3 2 3 3 5 4 5 5 3 5 1 4 5 3 2 4 5 3 1 2 2 4 4 5 5 2 2 3 1 1 1 1 4 4 3 3 4 4 4 3 4 5 1 5 2 2 ]

S: [ 0 10 17 17 1 
5 0 8 16 10 
8 6 0 1 9 
15 13 1 0 18 
13 15 18 2 0 ]

A: [ 1 3 4 1 8 3 1 5 3 1 5 2 6 6 8 4 7 5 5 5 2 1 4 9 2 2 6 6 5 2 2 6 2 5 6 9 5 6 2 7 4 5 8 1 1 4 2 7 7 7 9 8 5 3 5 4 3 1 1 7 ]

B: [ 3 14 2 4 5 8 10 11 2 4 8 4 14 3 11 8 12 13 8 14 12 9 4 2 5 13 12 8 10 14 4 10 13 5 12 1 11 7 11 10 8 3 11 8 5 7 13 14 4 4 14 13 12 1 14 1 13 10 8 6 ]


----------


