60 5 3.5 S

P: [ 91 81 22 19 99 16 52 63 89 35 33 51 80 42 32 80 74 63 23 47 58 31 98 73 14 30 25 76 92 33 95 81 15 18 1 12 31 50 74 20 84 5 71 64 46 1 42 20 63 62 64 19 93 63 91 7 92 15 80 82 ]

D: [ 10540 8886 9070 2533 5436 8177 1354 3585 8622 4792 2513 5041 5885 8325 2429 6921 6047 3065 4958 10067 7878 7200 6720 2919 1617 3642 7380 1904 3755 2706 7824 4394 801 6103 7816 6237 3489 10060 10711 2210 4061 2433 7251 9946 857 9680 6965 7793 2843 1133 7069 820 9222 2998 3739 937 7530 1218 3730 1383 ]

F: [ 5 3 3 3 5 4 5 2 5 2 1 5 5 2 4 2 5 3 5 2 1 3 4 4 3 2 2 5 5 1 4 4 5 3 3 4 3 4 3 2 2 3 3 1 2 2 3 1 1 2 4 1 1 3 1 1 1 2 5 5 ]

S: [ 0 4 15 20 3 
20 0 19 9 17 
17 6 0 1 18 
5 13 15 0 1 
6 7 8 11 0 ]

A: [ 2 4 7 7 2 5 9 4 4 3 9 1 5 8 2 1 1 2 6 9 4 4 6 8 1 6 7 5 2 7 4 1 1 2 7 9 4 7 1 8 7 9 8 2 5 9 1 3 8 4 2 9 7 7 6 5 2 3 7 1 ]

B: [ 6 4 4 1 7 4 4 2 8 8 1 4 14 7 9 5 11 5 7 11 11 4 4 7 1 10 3 4 9 8 7 1 11 10 13 1 12 2 14 5 7 1 7 7 7 1 11 1 3 1 11 13 4 1 3 3 8 5 6 3 ]


----------


