60 5 1.5 M

P: [ 93 64 50 77 3 52 6 18 65 42 98 22 31 90 23 8 28 23 5 66 2 39 41 47 68 85 92 28 36 3 96 30 64 44 5 66 96 8 81 59 49 79 81 80 67 4 85 92 26 89 58 25 27 98 69 92 83 61 18 18 ]

D: [ 539 1997 1093 2475 1164 1327 1027 1596 343 533 2423 981 903 1942 2002 1365 4413 213 3361 1066 2480 730 3043 4230 1983 1256 2602 295 381 1471 2485 1081 3469 3578 3556 50 322 1 1806 825 694 4229 1807 1758 1749 3969 3123 1579 4182 2061 2806 2080 2792 1266 1887 192 2522 4490 647 3064 ]

F: [ 3 4 2 1 1 2 1 2 1 5 2 2 5 1 4 2 2 4 4 2 2 3 4 3 3 1 3 1 1 1 4 3 1 5 1 4 4 3 2 1 5 3 2 4 1 5 2 4 1 5 5 2 3 4 1 2 4 3 2 1 ]

S: [ 0 79 91 97 78 
86 0 52 77 56 
75 89 0 84 84 
93 51 67 0 83 
75 100 51 100 0 ]

A: [ 9 4 6 4 8 5 7 9 5 5 2 4 4 6 7 9 9 1 1 6 6 7 7 1 7 6 4 7 4 6 5 1 9 8 5 5 3 9 4 5 2 5 9 5 8 4 3 7 5 3 1 1 9 5 8 4 1 1 2 2 ]

B: [ 9 1 6 1 11 14 7 10 14 6 12 13 7 10 1 2 1 4 14 1 9 5 10 1 11 1 1 11 10 2 3 2 14 6 14 8 5 6 4 4 9 1 14 1 8 13 1 8 14 14 7 9 4 14 9 12 14 7 9 8 ]


----------


