60 5 2.5 M

P: [ 72 32 54 66 1 29 89 4 90 46 4 87 77 46 66 8 16 47 63 25 13 80 52 92 37 78 68 90 56 87 94 27 17 48 92 17 74 79 18 64 25 20 52 2 65 18 7 78 63 68 4 73 48 55 65 85 31 32 75 87 ]

D: [ 6802 6848 2204 805 1868 2987 6968 7243 739 2117 5853 1534 6483 7420 2244 2236 3039 791 561 4955 4779 4250 2513 13 4800 6973 1640 5698 486 6240 2318 7288 293 4522 2943 2161 2359 4761 1758 5595 1729 2461 7129 566 2235 1727 5299 125 5014 5860 7576 2147 2464 2444 4657 7264 4267 1147 166 4753 ]

F: [ 1 3 1 1 5 3 3 3 4 1 4 3 2 2 5 4 1 3 5 1 4 1 3 3 3 1 5 2 4 5 1 4 4 3 1 3 2 5 2 2 5 5 4 3 3 4 2 1 3 3 1 2 5 5 1 2 1 1 5 1 ]

S: [ 0 77 99 80 66 
57 0 88 100 80 
90 56 0 68 75 
54 89 83 0 62 
93 87 89 88 0 ]

A: [ 1 2 8 9 8 8 5 2 2 3 5 5 3 5 8 2 1 8 4 2 5 7 4 1 7 9 9 4 7 9 9 7 1 5 6 8 1 2 8 2 4 1 6 4 4 2 3 2 8 4 2 1 2 5 1 8 4 7 1 1 ]

B: [ 3 14 14 12 10 9 2 4 2 1 1 14 11 1 6 8 10 11 7 3 7 10 14 8 1 12 10 4 13 5 1 13 2 14 11 11 8 12 14 7 12 1 4 6 13 10 14 8 4 6 9 8 13 6 2 13 3 11 2 1 ]


----------


