60 5 0.5 L

P: [ 93 33 41 37 43 59 40 44 17 68 15 63 57 47 75 62 18 33 45 68 56 62 26 8 14 64 86 43 31 76 90 22 9 31 58 51 87 95 93 2 63 8 64 19 54 37 80 70 67 23 36 24 84 59 31 96 21 18 39 51 ]

D: [ 663 575 428 305 1421 16 1417 1050 1308 743 480 171 98 700 104 348 1183 1046 16 1159 1346 1332 515 1452 234 44 1365 816 151 1099 1228 1012 418 203 1317 385 219 1281 1436 271 570 462 641 866 1360 745 1413 1089 536 1429 795 428 51 54 624 286 296 535 1300 447 ]

F: [ 1 4 4 2 2 2 1 5 2 1 2 3 1 3 3 2 3 5 2 1 3 2 4 1 2 1 1 1 3 2 4 1 1 4 4 4 5 4 3 4 2 5 1 4 4 3 5 1 5 4 3 2 5 2 2 1 2 3 2 1 ]

S: [ 0 82 67 75 84 
79 0 65 59 57 
76 67 0 68 62 
81 70 55 0 67 
96 99 70 91 0 ]

A: [ 1 9 1 9 6 8 5 4 4 3 7 7 8 6 8 1 2 7 4 4 1 8 4 1 1 6 9 7 9 6 8 9 5 6 6 1 5 8 2 8 1 6 3 8 2 2 6 2 6 1 3 6 6 7 5 6 1 2 4 7 ]

B: [ 5 7 12 1 4 4 2 8 14 12 13 12 11 12 12 1 7 10 10 1 7 12 11 2 2 6 6 9 9 11 1 12 3 12 10 6 1 12 11 12 7 8 10 3 5 5 2 9 14 9 7 7 6 3 8 7 6 11 13 13 ]


----------


