60 5 0.5 S

P: [ 60 5 10 69 26 18 13 29 96 31 1 83 3 23 5 4 59 38 66 34 72 76 55 10 3 34 76 38 19 12 37 76 16 44 46 42 62 56 70 56 87 68 37 89 90 41 91 48 76 55 79 47 29 32 56 31 65 30 66 82 ]

D: [ 251 1076 1103 819 777 1144 673 168 289 222 859 850 1319 1136 1054 335 25 1048 587 1174 254 580 253 1146 367 697 255 369 1318 460 225 182 279 72 1001 1056 1346 287 1224 378 639 826 1228 571 575 1026 1037 731 687 237 648 1072 948 1031 831 58 471 1216 427 402 ]

F: [ 4 4 3 3 2 1 4 4 5 3 1 5 2 3 2 3 4 4 4 2 2 2 1 1 5 1 5 1 3 2 3 2 2 2 4 3 2 4 2 4 1 4 3 5 1 4 2 2 5 2 3 1 3 5 3 4 5 4 4 4 ]

S: [ 0 5 18 20 12 
14 0 15 1 1 
16 2 0 9 16 
17 18 17 0 13 
1 20 6 15 0 ]

A: [ 5 2 1 3 1 3 6 3 7 9 1 4 4 5 9 4 4 1 7 2 5 6 5 4 8 5 9 9 9 6 7 4 7 7 7 7 8 1 7 5 1 8 6 4 1 5 7 4 6 2 6 1 7 8 2 5 3 2 5 9 ]

B: [ 14 4 2 1 2 2 5 9 4 1 6 4 11 10 3 9 14 7 13 9 2 13 1 12 14 2 14 3 7 11 2 7 12 1 7 11 2 9 6 4 9 9 5 3 4 7 11 3 14 8 9 13 6 7 10 6 9 7 6 1 ]


----------


