60 5 1.5 S

P: [ 27 40 62 26 72 24 90 14 92 63 97 40 23 85 54 50 30 95 12 1 4 90 29 68 7 49 14 2 32 49 64 58 87 24 81 59 46 70 72 36 33 68 75 53 53 30 3 83 23 12 81 26 2 10 94 6 58 8 8 87 ]

D: [ 3553 2259 3426 4088 612 2336 376 1471 3314 2641 1622 2287 1561 3218 3159 2787 3211 1060 1230 1546 3151 3573 1020 2272 2951 2082 3241 388 3665 848 3983 3091 3108 4084 3053 3720 2293 104 1064 2283 3547 2686 443 982 2579 278 444 1663 2140 1674 3210 1165 1120 905 3437 746 2987 3353 1936 2525 ]

F: [ 2 2 2 4 4 3 3 4 4 4 1 5 4 1 4 2 2 3 4 2 2 2 2 3 1 2 1 3 3 5 1 1 2 3 4 5 2 3 5 1 3 5 2 2 3 5 5 1 4 3 4 2 2 5 4 2 1 1 2 1 ]

S: [ 0 5 7 6 13 
1 0 12 3 8 
4 19 0 5 7 
11 6 5 0 5 
2 6 5 10 0 ]

A: [ 3 3 7 6 9 3 4 3 4 3 8 6 8 5 8 4 8 6 7 1 1 3 8 2 3 3 6 9 3 2 8 3 4 5 7 3 5 1 3 6 3 8 2 8 2 7 2 9 3 8 7 2 1 5 3 1 5 7 9 7 ]

B: [ 9 8 2 2 12 4 14 5 14 5 12 8 2 4 4 2 10 10 2 4 9 2 11 3 14 13 13 6 11 6 7 5 11 6 4 9 7 4 11 6 8 9 11 7 10 14 9 3 7 8 4 14 9 12 14 6 11 12 10 5 ]


----------


