60 5 3.5 M

P: [ 98 74 65 39 48 73 90 7 94 91 65 76 28 92 96 10 14 31 43 2 45 62 77 89 56 20 63 91 67 40 42 66 12 7 5 58 77 95 64 72 84 29 48 10 19 44 19 32 74 61 31 19 23 8 6 76 27 66 66 94 ]

D: [ 8193 9857 10633 5193 6708 10685 6204 9642 6785 3572 171 3238 6967 1572 3908 7604 10026 1829 786 2511 4370 7 5055 3786 5218 3298 10352 7835 3898 4117 1674 1310 8497 1526 1026 4424 1430 7231 8590 2739 22 8761 5977 1512 4857 4409 9116 4102 6238 4426 1137 5131 9737 715 8918 9478 4013 3012 6532 2434 ]

F: [ 4 1 3 2 2 2 5 4 1 2 5 1 1 2 3 1 5 5 5 2 1 4 1 5 4 5 5 2 5 5 2 5 2 4 4 4 5 5 4 2 1 5 4 3 1 2 4 1 3 5 4 3 3 1 4 1 3 5 4 2 ]

S: [ 0 85 81 75 87 
99 0 87 64 97 
65 99 0 94 77 
70 54 89 0 73 
92 86 72 80 0 ]

A: [ 8 9 9 6 7 6 6 6 4 7 5 6 1 8 4 2 3 2 8 9 2 9 3 3 7 1 3 7 6 3 4 3 1 4 8 7 9 5 1 1 9 5 7 9 2 8 9 4 1 7 2 9 4 4 1 1 4 3 5 8 ]

B: [ 1 2 11 3 10 1 3 14 13 5 2 7 6 3 10 9 4 1 4 10 14 9 7 12 2 6 10 13 8 13 4 6 14 12 9 7 13 9 4 9 14 3 2 3 5 11 11 9 9 14 2 8 7 8 3 8 13 10 6 4 ]


----------


