60 5 2.5 L

P: [ 28 78 49 25 74 49 39 5 6 54 70 74 50 90 30 13 47 54 95 70 21 97 29 58 89 39 59 52 19 9 36 44 86 82 66 59 31 6 63 34 59 33 8 9 21 36 21 65 89 16 35 9 12 64 66 1 3 26 52 20 ]

D: [ 5208 1363 5784 3222 3226 6507 2128 4722 59 4224 1731 3346 2616 3708 5973 954 5210 1977 6139 3847 6454 808 4926 1479 6442 4839 733 6469 695 2042 6254 3165 3405 5478 6387 3894 2686 5777 2055 7 3440 3786 3353 6057 933 27 4273 3405 5827 1113 692 5720 1921 5618 639 5625 1158 5195 5534 5676 ]

F: [ 5 3 1 3 1 3 2 4 2 3 3 3 2 5 4 4 2 4 2 4 3 5 4 2 4 3 1 5 5 4 1 4 1 1 1 2 5 4 2 1 3 2 4 2 1 4 5 5 5 3 3 2 3 1 5 3 5 5 2 4 ]

S: [ 0 74 81 100 51 
100 0 76 66 79 
100 72 0 77 86 
78 100 89 0 88 
58 82 62 55 0 ]

A: [ 1 8 2 9 7 8 8 9 2 8 5 2 4 4 8 9 5 9 2 5 1 2 5 8 5 5 1 3 1 1 5 1 9 4 7 6 3 3 3 4 1 7 3 4 8 9 2 2 8 3 6 6 2 8 3 7 4 3 7 2 ]

B: [ 13 13 4 1 6 2 8 6 3 12 4 3 4 12 2 6 14 11 14 4 2 4 9 9 7 12 11 8 13 1 14 9 13 1 9 3 2 14 6 2 10 8 5 13 5 6 2 2 2 14 5 1 3 13 9 7 10 3 1 7 ]


----------


