80 2 3.5 L

P: [ 89 44 54 36 91 68 60 99 49 38 91 46 48 21 11 95 30 62 39 41 14 44 70 64 63 60 27 81 37 72 42 25 15 95 58 6 61 16 4 9 53 92 54 1 13 64 93 43 24 33 83 38 74 52 99 35 10 24 15 47 95 56 71 10 49 27 14 11 42 17 17 94 9 70 92 22 32 86 62 55 ]

D: [ 8167 328 9978 12420 9694 11559 134 4534 12385 6077 1115 10828 13192 13448 8703 1614 5992 10617 843 951 11304 5873 8643 5945 5986 5819 4039 5465 11140 5838 402 5821 6186 10401 4775 2395 8474 4930 6929 7394 11007 8064 4736 10714 8046 13459 12348 552 10591 13211 1503 8409 5598 10146 888 11584 2499 4927 3583 174 10785 3985 5995 3486 920 10791 5881 9395 2235 12830 3323 13262 7408 8079 10510 1968 8052 9372 2520 5177 ]

F: [ 2 2 2 2 2 2 2 1 2 1 1 1 1 1 1 1 2 2 2 1 2 1 1 2 2 2 2 1 2 2 2 2 1 1 1 2 1 1 1 2 1 1 2 1 1 1 2 2 2 1 2 2 2 1 1 1 2 1 1 1 2 1 2 1 1 1 2 1 1 2 2 1 1 2 2 1 2 1 1 1 ]

S: [ 0 71 
66 0 ]

A: [ 8 5 8 2 8 5 5 4 1 4 6 6 7 4 8 6 7 3 6 4 4 3 8 9 3 2 7 1 3 6 7 9 9 4 1 7 8 5 8 8 6 3 3 2 4 1 7 8 2 1 2 5 4 7 2 4 6 8 4 7 2 8 6 1 2 4 5 1 6 2 6 9 4 8 1 7 7 7 5 8 ]

B: [ 12 1 9 2 11 3 7 13 11 5 2 9 11 4 2 14 3 4 13 7 9 5 9 11 4 2 5 13 5 3 9 2 1 3 1 11 3 5 7 11 9 6 3 6 9 4 5 11 8 1 1 14 3 10 11 6 9 1 2 13 1 10 13 1 10 13 10 12 4 14 8 10 6 11 13 12 14 3 7 5 ]


----------


