80 2 0.5 L

P: [ 11 52 44 94 48 3 88 48 29 69 13 40 35 30 18 37 58 18 97 88 50 19 79 58 19 35 33 36 77 8 86 87 60 31 79 8 31 67 53 57 35 64 97 67 93 13 5 51 30 99 37 80 19 15 38 35 47 71 70 24 78 56 9 36 84 88 41 15 53 94 72 85 58 69 53 49 79 55 1 9 ]

D: [ 906 1386 1891 1335 287 184 1837 530 721 1413 349 1531 1381 1922 1677 453 1128 1408 1419 418 366 1345 1450 1494 509 166 1089 496 27 775 1303 869 177 1211 221 465 1395 10 931 68 1424 1281 1535 821 1155 1164 1274 299 589 645 653 891 6 55 402 515 221 1427 947 184 218 267 990 331 1414 1147 732 761 1157 1664 765 533 961 252 1354 132 1417 581 367 22 ]

F: [ 1 1 2 2 1 2 1 2 1 1 1 1 2 1 1 2 2 1 1 1 1 2 1 2 2 1 2 1 2 1 1 1 2 1 2 2 2 2 1 1 2 1 1 1 1 1 2 2 2 2 1 2 1 1 2 1 1 1 1 1 2 2 1 1 2 2 2 1 1 2 1 1 1 2 1 1 2 1 1 1 ]

S: [ 0 100 
100 0 ]

A: [ 6 3 1 9 8 8 6 1 3 7 3 3 5 3 3 3 8 5 6 4 2 6 7 5 6 8 7 3 1 2 2 4 4 2 3 9 1 7 9 1 4 3 4 7 3 4 9 1 8 3 3 7 8 9 1 3 7 5 5 6 6 5 9 7 6 1 6 4 7 6 5 8 6 6 5 8 9 3 7 6 ]

B: [ 11 6 5 13 7 8 8 3 12 12 9 3 6 1 1 2 5 8 11 12 6 7 13 14 4 11 5 4 9 9 2 4 14 6 2 4 12 9 6 9 4 14 9 8 13 7 7 1 1 3 13 6 10 9 6 11 3 8 14 12 2 1 1 13 5 14 14 14 6 6 8 7 3 14 14 1 7 4 2 5 ]


----------


