80 2 3.5 S

P: [ 94 88 91 5 56 13 13 90 34 47 10 30 19 39 21 30 91 85 29 54 61 52 1 65 34 24 64 20 21 54 85 15 42 74 17 96 84 30 84 19 74 93 46 92 30 64 23 21 47 49 72 8 2 72 70 35 93 33 53 15 86 36 29 26 11 44 22 94 71 5 13 45 97 58 35 26 21 57 44 67 ]

D: [ 7027 5902 1112 2129 10062 5825 7885 11058 6442 5405 5475 8157 8729 12644 11174 12403 5220 4173 11635 5848 2365 7398 7464 1545 4000 6621 7235 5472 2753 603 8899 6502 6505 6733 8631 3407 12558 3356 11187 2562 5483 3501 10719 1051 2984 5454 293 8205 9628 8651 10775 8715 2888 5079 6982 6888 11700 1056 9083 11175 1660 4821 4517 4887 11554 9870 5016 7673 65 12925 10235 2271 3265 4516 3322 2972 9970 338 7899 3159 ]

F: [ 2 1 2 1 1 2 1 1 1 2 2 2 2 2 2 2 2 1 1 2 2 2 2 1 2 2 1 1 1 2 1 2 2 2 2 1 2 1 1 2 2 2 1 2 1 2 1 1 2 1 2 2 1 1 2 2 2 2 2 1 1 1 2 2 2 2 2 1 2 1 2 1 2 2 2 1 2 1 1 1 ]

S: [ 0 9 
14 0 ]

A: [ 8 8 5 2 3 7 8 6 7 1 5 5 3 5 2 3 7 5 9 9 2 5 1 6 7 2 7 9 1 3 3 8 9 7 8 2 4 4 7 2 5 3 4 7 5 5 7 2 9 5 8 1 9 9 4 4 1 1 1 8 2 3 5 1 9 3 2 1 4 8 2 8 8 3 3 3 7 8 3 6 ]

B: [ 2 9 8 5 11 10 6 13 1 7 6 2 1 5 14 1 2 7 9 5 12 5 2 6 1 10 10 2 6 1 2 5 10 7 9 4 1 14 14 1 4 4 2 4 8 13 2 8 5 10 10 2 14 11 5 13 4 1 12 7 13 13 11 6 4 3 10 4 14 7 4 3 10 5 4 2 1 5 7 5 ]


----------


