80 2 1.5 S

P: [ 52 17 39 13 3 18 17 15 38 34 81 96 67 48 45 44 63 8 19 26 21 2 10 86 9 14 84 74 42 24 41 91 40 77 4 40 93 18 54 29 49 34 26 15 81 70 58 43 77 75 68 95 74 77 82 82 89 64 56 29 87 94 18 25 70 21 64 63 36 18 91 83 51 15 97 31 85 53 71 60 ]

D: [ 4550 1947 2834 4403 3922 2060 2014 5641 718 1335 102 1675 72 2599 1772 5498 3147 258 187 2711 5250 2601 5325 5728 909 984 3869 327 4006 1953 1347 2596 3900 3893 751 1862 5953 2478 1255 423 3525 1357 1810 3597 3668 3582 2848 567 3552 3035 3279 2842 5636 2644 2322 298 3341 231 337 1387 2184 1684 3695 5797 5577 4159 1699 5282 677 2667 5705 3914 3736 1555 1263 1445 4849 4111 1724 2441 ]

F: [ 2 2 1 2 1 1 2 2 1 2 1 1 2 2 2 2 1 2 2 2 1 2 2 1 1 2 2 1 1 1 2 2 2 2 2 2 1 1 1 1 2 1 1 2 1 1 1 1 2 2 1 2 1 2 2 2 1 2 2 2 2 1 1 1 1 2 1 1 1 1 1 2 2 1 1 2 1 1 2 2 ]

S: [ 0 15 
14 0 ]

A: [ 9 3 5 4 9 5 2 1 9 9 1 9 5 8 9 5 2 6 1 7 4 4 9 3 5 1 5 6 5 7 5 5 7 7 6 5 2 7 3 9 6 3 8 1 8 5 6 7 2 4 4 3 5 4 5 7 2 9 1 6 4 5 1 2 9 4 6 2 1 8 8 4 9 4 5 7 8 8 3 9 ]

B: [ 2 4 2 5 11 6 13 2 8 7 13 8 8 5 5 9 14 9 3 1 10 2 14 14 1 2 6 1 8 8 3 9 9 5 13 6 8 9 5 1 1 3 6 6 8 10 1 7 2 3 7 12 3 4 9 1 5 12 1 12 3 2 4 12 4 2 1 11 8 5 9 9 6 1 12 13 10 12 3 12 ]


----------


