80 2 2.5 S

P: [ 86 33 51 20 85 35 55 65 19 7 72 15 23 26 35 75 10 94 39 48 45 42 82 84 18 98 79 27 19 40 3 4 73 52 23 58 84 75 22 2 81 93 16 2 17 50 74 27 44 14 72 87 53 54 71 69 50 50 93 67 88 93 70 59 43 90 17 28 65 36 29 45 27 42 44 44 92 19 68 34 ]

D: [ 4376 3842 1369 7334 8949 8633 1012 1363 780 5747 7271 3091 3252 9067 3080 6982 635 5134 6451 3034 3967 4906 9222 2747 6840 7665 6107 28 5992 8380 4341 517 7170 5711 2799 6268 9292 3812 7631 5020 4507 9850 8112 7759 9066 6140 9690 4649 6222 6290 7684 339 1346 2003 3086 3134 4616 4141 7961 757 7469 2451 6073 4788 3110 8873 1205 7350 7633 3785 2520 2289 3784 5580 4997 7799 1869 4836 2597 3040 ]

F: [ 1 2 1 1 2 1 2 2 1 2 1 1 1 2 1 2 2 2 1 1 2 2 2 2 2 2 2 2 1 1 2 1 1 2 2 2 2 1 1 2 1 1 2 1 1 2 2 2 2 2 1 1 1 2 2 2 1 1 2 1 2 1 1 2 1 2 1 2 1 1 2 1 2 1 1 2 1 2 1 2 ]

S: [ 0 20 
1 0 ]

A: [ 9 6 6 6 8 4 3 5 2 7 3 7 2 3 5 4 6 9 9 5 2 6 1 3 2 6 6 9 4 7 5 4 3 1 7 8 3 9 3 2 7 4 6 6 6 2 1 9 1 7 2 1 1 3 3 9 8 6 8 3 3 3 4 4 2 1 9 2 7 3 3 2 4 9 8 7 8 6 5 6 ]

B: [ 10 6 12 11 12 8 4 12 12 9 10 5 8 6 1 7 5 13 4 14 2 12 5 2 2 6 6 7 9 3 5 2 8 2 12 6 7 13 1 3 5 10 7 10 13 7 2 3 3 5 14 5 1 4 4 14 9 9 7 1 9 11 14 3 12 11 6 3 7 6 5 12 13 11 7 11 1 7 11 1 ]


----------


