80 2 2.5 L

P: [ 48 24 91 57 68 9 18 35 14 2 83 84 86 76 20 30 51 97 29 75 57 79 74 5 77 68 69 85 80 29 92 28 53 83 82 21 89 99 53 3 2 36 86 87 13 5 15 61 99 41 36 56 19 9 60 93 74 27 79 54 55 71 79 6 55 61 24 42 58 77 45 57 13 29 42 23 31 56 82 30 ]

D: [ 9013 1320 9390 5224 1922 2391 9391 3487 1625 9055 6483 9391 2259 376 4320 4570 371 2587 3279 3507 3752 5562 7937 3357 3123 284 6591 1569 220 8445 9222 627 9765 10006 7523 3082 2120 6637 6569 5417 5414 4447 4530 9345 6495 245 3637 6867 2832 8589 96 8256 3873 9705 1335 8668 1383 7926 10238 1604 7765 576 3903 7253 1976 1149 1729 4096 9458 8298 9514 4594 4139 5438 5334 357 5683 8971 8896 8515 ]

F: [ 1 1 2 1 2 2 1 2 2 1 2 2 1 1 1 2 2 2 2 2 2 2 1 2 1 1 1 2 2 1 2 1 1 1 1 2 2 1 1 2 2 2 1 2 1 1 1 2 2 1 2 1 2 2 2 2 2 2 2 1 2 1 1 2 1 1 2 1 2 2 2 1 2 2 2 2 2 1 1 1 ]

S: [ 0 97 
59 0 ]

A: [ 6 3 6 9 5 3 2 3 6 5 1 4 3 8 4 5 6 3 2 3 2 2 8 4 5 2 1 8 6 5 8 1 8 2 9 1 3 8 3 6 3 3 9 4 1 3 6 5 5 5 7 6 6 4 8 1 3 8 9 9 4 5 9 9 4 6 9 6 2 2 2 5 4 2 6 2 2 2 6 5 ]

B: [ 4 1 4 7 12 2 14 6 4 10 10 7 9 8 7 11 12 7 7 4 3 1 4 7 9 9 9 12 14 11 7 1 9 10 8 4 10 7 9 13 14 5 5 8 10 9 2 8 13 6 11 1 7 12 7 13 6 13 10 3 9 14 4 3 8 9 4 3 1 13 1 14 3 3 5 10 9 4 3 7 ]


----------


