80 2 1.5 L

P: [ 34 69 11 85 81 87 39 9 59 92 40 55 74 96 78 30 90 61 87 95 6 22 28 75 46 64 15 18 55 70 17 88 40 26 73 21 13 12 29 69 2 67 25 73 61 1 4 51 59 88 44 64 9 72 37 54 36 51 69 91 22 86 77 61 12 49 79 22 58 7 91 60 71 16 31 32 14 34 80 72 ]

D: [ 197 1579 5380 4484 5241 5888 164 4755 5252 3901 5540 1046 3184 1146 4697 2150 2478 5612 5515 3205 1240 1646 4757 742 4042 910 2639 115 130 812 2625 5683 2391 1387 4180 1014 1289 4345 5138 5910 1628 4692 969 4812 5838 5666 975 2329 5291 503 4903 5901 1519 3674 25 4930 4584 2665 5046 4083 3477 1053 3780 5237 2441 1342 5620 3730 5056 4771 3653 697 3476 4622 5509 2696 3670 5853 4394 2343 ]

F: [ 2 1 1 1 1 1 1 2 1 1 2 2 1 1 2 2 2 1 1 2 1 2 1 2 1 2 1 2 2 2 2 1 2 1 1 2 1 1 1 1 2 2 2 2 1 1 1 2 1 1 1 1 2 1 2 2 1 1 1 2 2 2 2 1 2 2 2 2 2 2 2 1 1 1 2 1 1 2 2 1 ]

S: [ 0 100 
82 0 ]

A: [ 9 9 4 2 9 5 3 5 7 5 2 8 6 9 9 2 2 7 9 7 5 5 5 5 5 9 8 8 6 4 4 3 3 5 4 1 1 5 3 5 9 2 4 6 2 1 5 1 5 5 7 1 7 9 5 2 9 3 7 3 4 1 5 7 4 6 5 2 8 7 6 6 9 7 2 8 8 4 6 3 ]

B: [ 5 6 5 13 13 9 12 10 6 12 4 10 5 10 3 8 4 8 12 10 5 12 14 12 12 14 4 4 8 1 13 11 6 4 9 2 10 6 11 1 2 14 9 6 9 9 13 11 3 8 4 7 5 3 2 14 14 3 3 5 3 14 1 8 1 10 8 10 13 4 9 14 4 1 3 10 9 13 6 11 ]


----------


