80 2 0.5 S

P: [ 13 97 78 76 24 44 11 99 33 78 3 99 41 48 7 98 94 54 29 35 7 5 28 73 54 21 15 60 93 68 93 5 64 69 80 85 14 88 84 46 65 87 43 4 35 48 3 30 2 29 62 7 31 87 79 85 8 92 45 99 58 36 2 22 5 79 7 16 68 89 59 31 76 3 34 11 50 34 38 49 ]

D: [ 1618 918 1285 1277 275 525 1532 373 1654 1661 1396 178 748 893 1890 1560 1619 586 367 181 1136 771 661 809 932 977 20 1342 938 700 804 1337 1619 869 703 1894 1394 1015 1047 1828 765 532 787 293 205 766 633 1825 132 1691 95 1269 552 1448 858 264 514 1569 1607 232 359 1191 1569 67 149 1052 741 324 156 569 932 1612 1792 1719 685 87 1265 1319 1 1398 ]

F: [ 1 2 1 1 2 2 2 2 2 1 2 2 1 2 2 2 1 2 2 1 2 2 2 1 1 2 1 1 2 2 1 1 1 1 1 1 2 2 2 1 2 1 2 2 1 1 2 1 1 1 1 2 2 2 2 1 2 2 1 1 1 1 1 2 1 2 2 2 1 1 1 1 2 2 2 2 1 1 2 1 ]

S: [ 0 6 
8 0 ]

A: [ 1 5 9 7 8 3 5 5 4 6 7 6 2 4 1 9 6 5 1 5 2 3 7 9 2 2 8 6 4 8 3 3 4 2 9 9 2 4 5 3 7 9 8 8 4 8 5 9 2 6 2 3 6 8 9 8 1 8 2 2 4 2 4 5 1 1 5 2 5 7 5 9 6 1 8 9 9 3 6 8 ]

B: [ 10 5 4 7 1 8 7 8 12 13 4 3 10 2 5 1 11 11 2 7 6 14 11 6 6 6 9 13 13 13 5 7 4 7 13 2 14 3 9 9 1 12 9 10 11 11 9 6 7 10 10 10 9 4 2 14 9 8 11 6 6 1 12 7 5 8 8 2 10 2 8 8 12 3 2 6 13 10 11 4 ]


----------


