80 2 3.5 M

P: [ 11 32 67 25 74 15 25 46 34 33 57 27 8 97 93 95 15 12 97 71 23 18 45 97 52 8 63 89 92 75 72 1 7 37 24 78 51 46 24 84 77 79 10 84 76 1 79 90 12 74 59 34 89 5 29 41 12 91 28 2 64 97 1 68 34 24 47 83 69 68 65 46 47 74 28 21 72 5 10 83 ]

D: [ 11228 13279 2760 10992 9665 9491 3542 6011 12271 12306 3806 3856 13104 12419 13239 608 1208 3338 8221 8240 7752 11903 2389 6870 7988 7780 8150 5674 13617 11318 13288 11289 10954 2492 8726 7063 11983 12268 13163 10610 10931 3325 911 10479 2188 506 11087 3484 3932 5664 11724 11684 4012 469 4910 12000 8338 13061 4118 8399 10823 3762 6044 8133 6342 1126 1641 4682 13483 1160 1648 10858 4573 2559 7693 6849 3153 5225 10333 7085 ]

F: [ 2 2 1 2 2 1 2 2 2 1 1 2 1 1 1 2 2 2 2 1 2 2 1 1 2 2 2 1 1 1 1 1 1 1 2 2 1 2 1 1 2 1 2 2 1 2 1 2 2 2 2 1 2 2 2 1 2 1 1 2 2 1 2 2 1 2 1 2 1 1 2 2 1 1 1 1 2 2 1 1 ]

S: [ 0 62 
82 0 ]

A: [ 9 2 6 7 6 8 4 9 8 7 3 5 7 9 7 5 5 9 5 7 7 5 9 1 2 9 2 2 1 6 9 7 7 3 4 4 1 5 3 7 3 3 2 7 9 6 1 2 3 5 6 9 8 5 7 7 3 9 6 1 5 5 7 9 6 8 3 4 3 3 1 3 4 9 8 3 5 8 3 7 ]

B: [ 13 7 14 7 11 9 10 3 10 4 12 10 5 1 4 13 4 5 14 3 3 3 5 6 13 11 11 2 12 3 4 10 7 4 1 3 10 10 5 3 14 14 12 4 12 13 14 1 3 13 4 4 13 6 7 12 14 3 11 11 3 14 6 10 1 6 12 10 14 1 10 13 12 7 14 10 4 11 8 4 ]


----------


