80 2 1.5 M

P: [ 98 15 94 6 23 16 24 20 47 13 96 21 43 68 75 35 38 20 79 94 46 70 38 82 55 35 55 22 75 25 85 73 39 79 76 61 92 1 79 39 11 75 58 53 43 31 87 78 51 64 73 94 32 11 76 87 43 31 9 19 55 91 89 91 70 66 51 60 64 30 97 74 5 55 27 45 85 12 24 36 ]

D: [ 6095 5627 3965 4799 4452 3058 5611 3506 5712 248 4483 5751 5797 2673 1598 4122 3789 1974 5966 3607 5170 786 2828 5248 4925 2988 3545 4094 3602 3449 6288 2645 2768 3945 1137 169 6260 6004 3675 5664 6253 1106 4364 5742 3035 5218 3557 517 884 3215 3380 5310 3257 6209 3506 1874 2145 743 5224 5004 3449 4460 1341 6217 1354 1734 5642 562 1431 3009 5482 1376 3371 3538 66 99 2448 3623 6180 2588 ]

F: [ 1 1 1 2 2 1 2 2 1 1 2 2 1 1 1 1 2 2 1 1 1 2 1 1 2 1 2 1 1 2 1 1 2 2 1 2 2 2 1 2 2 2 1 1 2 2 1 1 1 2 1 1 1 1 1 2 2 2 2 2 1 1 2 1 2 2 2 1 2 2 1 1 1 1 1 2 2 2 1 2 ]

S: [ 0 83 
59 0 ]

A: [ 9 8 5 4 5 8 1 5 3 8 3 8 4 5 1 3 7 6 4 7 8 1 4 4 7 3 4 4 2 9 4 1 5 8 2 9 4 2 2 6 1 2 3 2 6 1 3 2 6 4 6 2 5 9 5 9 1 6 3 9 3 4 9 5 3 8 5 6 1 4 1 8 6 1 7 9 1 9 1 4 ]

B: [ 2 7 12 14 11 8 6 4 2 4 3 12 4 14 14 8 12 3 6 4 4 14 1 7 9 3 12 1 7 1 9 8 5 4 5 13 11 8 3 13 11 5 8 12 3 5 4 14 6 9 3 9 8 1 1 14 1 10 14 7 8 6 12 12 9 2 9 6 9 11 2 3 13 7 13 13 11 2 12 14 ]


----------


