80 2 0.5 M

P: [ 63 29 76 33 66 74 85 63 24 82 59 99 76 29 43 91 31 18 19 23 57 79 31 94 88 48 65 95 24 99 4 86 28 77 19 92 52 3 55 73 82 14 70 58 40 14 48 70 31 66 90 85 43 21 78 32 67 43 27 90 40 28 75 66 5 91 58 56 93 13 30 76 24 99 32 63 11 77 31 39 ]

D: [ 2037 187 1774 2022 384 330 640 1624 1781 1115 1789 399 1352 460 1976 1494 350 1464 351 1517 241 1265 895 1378 937 107 1706 784 1630 2036 1946 1502 58 892 696 1945 559 673 741 1677 1125 365 2077 312 162 1888 1807 513 525 2158 1367 766 595 97 1482 869 204 360 1653 1834 232 772 509 1792 1001 1205 1572 1561 1879 149 1073 839 514 322 489 14 1548 131 2029 1410 ]

F: [ 2 1 1 2 1 1 1 2 2 1 1 2 1 1 2 1 1 2 2 1 1 2 2 1 2 1 2 1 1 1 1 2 1 2 1 1 2 1 1 1 1 1 2 1 1 2 2 1 1 1 2 1 2 1 1 2 1 1 2 1 1 1 2 2 2 2 2 1 2 2 2 1 2 1 1 2 2 2 1 2 ]

S: [ 0 63 
55 0 ]

A: [ 9 9 4 5 8 4 6 1 8 8 5 6 1 1 4 9 1 6 8 2 3 4 5 4 6 7 9 8 2 9 7 1 7 1 3 3 2 6 3 9 5 7 3 3 5 6 2 4 1 1 3 1 2 7 4 7 3 2 6 4 8 3 4 5 2 5 6 3 1 8 3 5 4 3 8 6 9 7 7 7 ]

B: [ 11 8 5 14 8 14 1 13 13 13 6 2 9 1 4 5 7 8 14 12 10 8 10 5 11 7 2 9 6 7 10 3 12 13 2 6 10 14 4 8 12 8 9 7 8 10 11 12 3 8 9 13 1 2 1 10 8 14 4 14 7 12 2 4 8 1 7 3 13 11 10 10 2 2 14 9 12 11 4 12 ]


----------


