80 2 2.5 M

P: [ 48 5 23 56 60 92 49 38 51 58 9 8 62 61 9 1 57 83 1 19 24 64 30 66 94 16 74 9 66 35 69 12 37 89 66 94 81 15 33 31 70 39 38 32 97 44 30 54 27 31 71 48 92 98 14 85 14 85 91 77 18 58 87 54 48 53 49 29 65 79 57 35 18 94 64 13 38 93 67 64 ]

D: [ 4383 7481 8462 3005 4821 643 2034 780 9841 4902 1550 3906 157 2635 4882 8674 6867 7687 6677 3194 3221 3500 5352 3278 7170 3645 1769 8558 6379 2669 726 724 6032 9189 3729 6736 9832 1645 7516 5518 6548 9066 9424 2587 7584 4268 1223 295 7837 3782 3490 1020 3164 4724 4298 297 4252 6068 4737 593 4619 5463 7237 6534 4614 6849 3232 291 8494 6630 1691 5004 5658 1077 3473 9124 1228 4696 5302 4947 ]

F: [ 2 1 1 2 1 1 1 1 1 2 2 1 2 2 1 2 1 1 1 1 1 2 2 1 2 1 2 2 2 2 1 1 2 1 2 2 2 1 1 2 2 2 2 1 1 2 1 1 2 1 2 2 1 1 1 2 1 2 1 2 1 1 2 2 2 2 1 1 2 1 2 1 1 2 2 1 1 2 2 1 ]

S: [ 0 79 
97 0 ]

A: [ 7 6 8 4 9 3 8 8 6 7 7 5 5 9 8 2 7 2 6 7 2 6 1 1 7 7 9 9 1 4 2 7 1 9 9 7 2 5 4 5 3 1 1 7 7 8 6 2 8 3 8 9 8 7 9 3 2 6 9 2 9 1 6 9 7 5 5 7 1 8 2 1 6 2 7 3 1 4 4 8 ]

B: [ 14 7 3 11 4 12 10 8 13 8 11 1 7 7 9 1 8 4 6 6 11 4 7 11 7 13 6 1 1 12 1 14 4 1 8 8 10 3 13 6 11 10 7 1 14 13 13 7 14 5 13 10 8 3 4 14 1 7 13 13 4 11 10 5 10 4 10 3 4 9 9 12 2 13 12 1 11 9 5 10 ]


----------


