80 3 2.5 S

P: [ 44 26 57 7 65 91 33 73 17 74 7 14 63 78 24 9 22 19 75 96 15 73 22 56 34 54 83 78 18 10 43 61 33 97 65 98 88 95 69 6 70 75 17 31 51 39 39 70 55 14 67 70 84 86 24 17 38 7 92 53 17 33 12 49 31 77 45 17 72 15 20 42 87 35 70 39 73 10 9 28 ]

D: [ 163 3720 7473 8584 3672 5141 7036 4700 2650 5093 476 2659 8808 6813 4466 54 2081 3775 2157 8683 2957 2114 865 6022 2442 3640 6759 6963 1652 3469 2287 4022 7189 329 3175 3637 5471 2987 8338 897 856 1590 3556 2441 1179 8022 4702 3261 2366 6859 2513 7530 1750 5585 4122 4192 9225 3657 3932 3653 7126 6219 7676 4885 6548 3627 8522 4795 8822 205 5692 247 4002 2024 4895 5182 616 167 8443 2982 ]

F: [ 1 1 2 2 1 2 1 2 2 2 2 3 2 1 2 3 2 1 1 2 2 3 1 1 2 2 2 1 3 1 2 1 2 3 1 3 2 1 1 2 3 2 1 1 1 3 1 2 3 1 3 2 1 1 1 2 3 2 3 3 3 1 1 1 2 1 1 3 2 1 1 1 1 2 2 1 1 2 3 2 ]

S: [ 0 13 8 
2 0 12 
18 3 0 ]

A: [ 9 1 3 5 3 2 2 1 6 3 5 7 7 6 5 5 1 9 4 2 4 8 7 1 6 4 6 4 5 5 4 4 5 6 6 5 5 7 6 9 8 1 6 3 5 8 7 5 6 8 5 9 7 9 1 1 1 4 2 5 8 6 6 1 9 2 4 5 6 9 4 2 7 7 4 9 3 9 3 8 ]

B: [ 7 9 3 12 7 14 4 9 1 1 12 9 11 10 14 11 2 12 5 11 7 11 5 13 12 8 9 5 6 13 8 11 7 10 6 13 7 9 5 7 8 14 13 4 9 13 12 10 8 14 7 1 10 9 13 5 14 5 8 4 4 1 14 8 8 5 5 14 12 9 4 5 9 3 6 1 13 2 11 6 ]


----------


