80 3 3.5 L

P: [ 62 97 77 17 84 89 82 19 96 53 42 61 74 98 35 74 86 2 5 14 93 49 15 36 72 79 32 33 64 50 17 26 45 91 42 30 81 23 46 75 75 85 36 47 83 71 22 68 70 24 81 63 73 93 98 45 70 29 75 34 76 91 58 22 83 97 49 62 20 94 37 93 79 71 38 60 42 57 28 10 ]

D: [ 412 2130 5828 15729 2485 13667 15902 4458 5267 15852 13422 4678 14046 5447 3887 8342 4432 6466 4407 10749 8544 3765 5020 7159 14624 12474 10837 15102 15359 11495 13628 15771 13626 3444 3243 98 1098 6901 8325 10134 6740 5734 14812 8542 14950 6456 871 7139 12922 5278 1875 9223 9044 6895 369 7655 3356 14975 10514 2702 10458 11898 6229 8071 15342 13241 11938 4196 4129 8019 14330 10870 13754 886 7168 447 7342 8040 7586 8020 ]

F: [ 2 2 2 2 2 2 3 2 2 3 1 2 2 3 3 3 3 3 1 1 1 1 2 3 2 1 3 2 2 3 2 1 1 2 2 1 1 1 2 2 1 3 2 1 2 1 3 2 2 3 2 2 1 1 1 3 1 1 1 3 1 1 1 2 3 3 2 3 2 1 2 3 1 3 3 3 2 2 2 3 ]

S: [ 0 98 84 
61 0 68 
96 62 0 ]

A: [ 1 7 3 7 1 1 5 1 9 1 5 2 1 3 2 9 2 2 6 6 2 8 4 9 8 7 1 4 8 4 3 8 9 6 3 9 4 8 8 3 6 3 4 7 3 3 4 2 2 7 7 2 4 9 8 2 6 9 4 4 3 6 2 2 2 3 9 3 1 7 3 4 7 6 8 9 6 2 8 6 ]

B: [ 3 1 6 7 5 3 8 14 3 12 9 1 10 4 8 4 1 14 7 13 9 3 7 13 2 7 1 14 12 8 9 14 6 12 6 8 13 11 7 1 7 13 1 2 3 7 3 3 6 7 14 1 10 6 11 9 12 10 6 9 1 13 8 6 10 11 11 8 6 1 9 12 14 9 11 2 1 13 4 5 ]


----------


