80 3 1.5 M

P: [ 64 57 17 29 72 34 64 92 55 22 19 49 24 32 18 75 53 44 24 73 74 55 73 27 71 56 93 66 41 50 12 5 7 27 31 76 60 94 68 13 16 84 61 37 14 78 10 67 21 34 38 92 88 12 20 57 65 11 24 6 60 33 10 64 59 38 40 17 32 6 30 46 89 90 80 4 67 90 70 85 ]

D: [ 2618 2063 1169 3548 5063 172 3330 987 2369 1621 1896 5086 2584 4668 989 2846 4634 2910 5197 607 2438 155 1304 5153 4788 1150 1707 2738 3831 4808 3075 3409 1230 1204 3918 3253 1377 1606 4241 3746 187 3097 150 5373 4726 1139 2577 3718 4050 2133 1285 846 4890 2589 2959 4036 3740 1627 1132 4531 3395 1167 4901 4625 2372 3177 4839 709 1743 3438 4455 1930 3495 1565 1661 5181 2705 4239 3258 3715 ]

F: [ 2 3 2 3 2 1 1 3 2 1 1 1 2 3 2 3 1 2 2 1 1 2 1 2 1 1 3 3 1 2 2 3 3 1 3 1 2 3 3 3 2 1 1 3 1 1 2 2 3 3 3 1 2 1 2 2 1 2 3 2 1 1 1 3 2 1 3 1 1 3 1 2 3 2 1 3 3 3 2 2 ]

S: [ 0 77 73 
80 0 90 
79 88 0 ]

A: [ 1 9 1 9 1 4 1 9 7 6 1 6 6 1 5 1 3 7 3 7 2 5 4 1 9 9 3 7 8 4 2 8 3 2 7 2 3 5 1 9 2 8 3 7 8 5 7 8 1 9 4 9 2 7 7 9 4 9 6 9 3 7 7 4 7 2 3 7 7 1 5 8 8 7 3 4 1 8 3 8 ]

B: [ 10 8 13 8 6 2 12 1 14 4 12 2 14 9 13 13 10 7 9 4 1 3 14 7 8 4 4 3 9 3 9 5 10 5 10 1 6 5 13 5 8 10 5 7 3 3 4 12 8 10 13 6 12 12 11 5 13 14 8 8 2 14 10 11 3 5 9 8 9 7 11 14 1 1 6 3 1 9 12 6 ]


----------


