80 3 3.5 M

P: [ 79 59 66 90 99 56 20 53 69 18 25 70 20 64 85 42 28 7 47 33 19 69 20 88 25 5 46 18 43 44 66 22 3 33 12 99 86 30 50 55 47 73 23 65 37 8 7 65 12 52 95 30 21 15 17 43 19 62 60 59 4 24 80 6 54 90 4 40 20 53 92 64 24 15 27 61 20 34 24 31 ]

D: [ 3149 3974 1664 1763 6781 4156 1851 10915 7533 7358 10211 41 4608 1377 6857 10172 4587 5693 5852 964 2197 4786 10639 11431 6726 3799 8220 7602 7562 9489 6438 10711 6042 681 5053 782 4837 11524 4276 330 6841 2446 4991 4029 8444 11848 6780 990 10121 591 6575 4897 9997 5173 8907 4683 8972 5087 244 9114 2535 11302 363 8578 11984 5417 1939 9400 4900 10836 9730 4321 1241 7300 8350 9685 7108 7709 3255 9808 ]

F: [ 3 3 3 3 3 1 1 1 1 3 2 2 3 2 1 2 1 1 2 2 1 2 3 1 1 3 1 2 2 1 3 3 1 2 3 3 3 1 1 1 1 3 2 1 2 2 3 2 3 2 1 1 3 1 2 1 2 3 3 3 1 2 3 1 1 2 2 2 3 2 2 3 1 1 1 3 3 1 2 3 ]

S: [ 0 76 95 
84 0 79 
75 73 0 ]

A: [ 3 2 9 6 8 3 2 2 1 3 1 8 4 1 7 3 7 5 7 1 8 9 1 1 4 8 7 7 8 7 7 8 6 6 4 2 6 3 3 6 6 2 3 7 9 9 1 6 4 7 5 9 5 5 1 8 2 5 5 9 9 9 7 5 5 8 6 1 2 7 5 7 6 7 2 5 6 2 8 8 ]

B: [ 1 14 10 5 12 6 14 1 14 7 4 1 14 3 5 6 9 13 10 4 8 13 2 14 7 14 9 6 3 3 7 3 1 3 5 12 6 4 12 6 9 13 6 8 13 9 11 7 7 6 11 12 4 10 11 8 9 5 14 12 5 4 12 5 6 3 2 10 4 11 13 12 9 2 5 5 10 2 12 14 ]


----------


