80 3 3.5 S

P: [ 20 40 79 31 4 97 69 41 71 40 84 61 33 94 76 86 11 99 15 46 78 96 95 13 79 97 82 4 55 82 59 72 20 36 3 21 31 70 62 2 8 46 60 38 40 37 24 49 36 36 92 12 32 85 22 9 82 5 10 37 84 66 9 3 99 9 21 30 76 82 30 83 26 89 21 64 26 42 11 59 ]

D: [ 4745 1262 2553 2895 6386 5707 3820 8778 6699 5321 11764 6519 3236 10818 4217 10291 10554 13139 10769 5138 6387 8746 10618 9536 8501 5867 453 5042 6014 2731 7287 10760 3993 11468 1827 12006 3720 7274 7329 12046 12596 5638 5110 2377 4628 10955 840 3354 12266 13236 10119 5198 8527 7283 2906 5201 1322 3359 10243 7336 6090 4075 4641 11710 2088 6469 11888 7435 288 7389 7653 1056 1199 12764 5060 7454 11891 5901 10809 10702 ]

F: [ 1 2 1 1 1 2 3 3 1 1 3 3 3 3 1 2 2 2 1 3 2 2 3 2 2 3 1 1 1 2 2 2 1 2 2 2 3 1 3 2 2 2 1 2 1 2 1 3 3 1 3 3 2 3 1 3 2 2 3 3 2 1 2 3 1 1 1 1 3 3 3 1 2 3 3 3 3 3 3 3 ]

S: [ 0 17 10 
11 0 2 
8 13 0 ]

A: [ 3 5 9 3 7 1 4 6 4 5 1 7 3 3 8 6 7 9 5 1 9 8 7 5 2 2 7 1 8 4 2 1 8 1 3 5 8 4 2 2 6 9 6 9 9 4 5 6 2 7 4 1 6 9 4 5 1 8 3 8 2 4 6 9 4 9 3 9 1 2 8 7 1 5 6 9 8 1 3 9 ]

B: [ 13 7 4 11 11 2 11 12 4 4 1 9 7 11 4 14 1 7 6 3 2 2 10 3 13 7 12 6 8 6 3 6 12 6 1 6 7 11 3 10 12 1 2 5 10 4 2 10 10 7 10 12 6 3 12 4 9 10 10 2 1 12 8 10 1 8 13 5 4 1 14 2 14 14 4 9 3 3 2 10 ]


----------


