80 3 2.5 M

P: [ 86 44 40 43 66 43 70 22 32 50 36 73 75 87 35 94 76 46 38 40 71 71 37 78 24 57 30 77 13 25 40 97 66 80 38 32 21 6 52 52 56 87 25 31 73 58 24 47 2 61 86 72 32 21 48 53 77 78 28 88 3 68 83 67 48 21 98 68 26 50 19 81 36 43 11 9 98 32 53 1 ]

D: [ 5883 6322 5894 2275 8275 1654 2570 2540 370 2926 5198 1626 7155 166 3424 8505 6268 7469 3210 8025 3206 9703 294 6840 2473 680 2723 6943 571 2896 8804 7259 9218 5440 275 8234 7898 2845 712 9072 6575 6714 635 4471 7685 4060 2913 3890 2270 6928 2656 6280 6568 2951 3058 9845 4435 5781 6726 5007 9482 6271 2203 9441 2452 3282 7613 1091 6931 8325 100 4248 5780 1540 8719 4206 6404 2374 8097 9478 ]

F: [ 1 3 2 1 3 2 2 3 2 2 1 2 1 2 3 3 2 3 2 2 1 1 3 3 1 3 1 1 2 3 1 2 1 2 2 1 1 1 3 3 2 1 2 3 2 1 3 1 2 2 1 2 2 3 1 3 2 3 3 1 2 3 2 2 3 2 3 1 2 3 1 2 2 2 1 1 2 1 2 3 ]

S: [ 0 97 62 
89 0 81 
91 69 0 ]

A: [ 6 5 6 4 5 3 9 5 8 8 6 5 5 2 9 5 9 7 6 7 4 6 1 3 6 1 8 6 7 7 1 1 9 4 4 4 4 2 6 3 9 9 7 3 2 6 7 8 1 2 4 5 7 2 7 1 2 4 7 6 1 5 5 7 8 6 8 3 7 5 3 5 4 9 7 3 4 2 2 4 ]

B: [ 12 4 2 5 2 11 5 14 9 8 1 6 12 14 5 8 3 2 7 10 3 14 8 9 6 11 1 5 9 5 12 4 8 12 9 8 6 13 7 12 4 5 3 1 5 5 6 7 4 13 14 7 12 6 13 1 2 13 5 10 4 3 14 9 12 6 2 3 2 6 14 5 11 14 3 13 2 8 5 5 ]


----------


