80 3 0.5 L

P: [ 37 15 72 79 52 16 28 91 77 94 51 61 53 29 88 54 86 35 9 39 62 96 34 31 38 12 97 17 32 5 27 66 18 96 44 69 10 71 58 87 63 10 48 14 38 34 67 22 68 75 60 28 69 91 58 8 3 53 24 35 55 48 98 72 42 42 40 52 13 97 37 73 7 84 87 42 16 54 61 81 ]

D: [ 128 1842 906 1616 29 1754 1642 433 103 854 1203 908 642 1332 1347 1375 255 702 29 1300 1316 847 210 1106 1532 494 1341 748 1754 1001 1123 633 1594 26 1001 375 531 640 808 634 1495 762 293 888 91 1640 1014 1100 339 1043 398 407 1890 1362 1513 170 1856 1605 918 358 1357 792 992 949 818 1993 75 100 1384 1637 734 1630 1150 1782 516 1241 1419 281 1093 1759 ]

F: [ 3 1 2 2 1 1 3 2 2 2 1 1 2 1 3 1 1 3 1 3 3 2 2 3 2 1 3 1 1 1 2 1 2 3 2 2 1 1 3 2 1 2 3 2 2 3 3 3 2 1 3 2 3 1 1 2 3 2 3 1 3 2 1 2 2 3 1 2 1 1 2 2 3 1 1 1 1 1 1 3 ]

S: [ 0 91 71 
85 0 73 
67 65 0 ]

A: [ 9 4 2 3 7 2 4 7 6 6 4 6 2 7 7 9 9 3 8 1 8 2 5 5 5 3 8 1 4 9 5 1 1 6 3 7 7 5 2 3 1 5 7 9 1 2 9 7 3 7 8 1 6 3 3 1 3 8 9 4 5 4 4 5 9 7 9 7 9 1 7 9 4 2 8 2 2 5 8 4 ]

B: [ 14 8 14 2 4 6 8 6 3 5 14 2 8 9 1 9 9 9 11 13 13 13 5 11 13 13 8 8 12 5 3 9 11 2 11 14 6 2 4 8 6 3 7 11 9 7 5 3 2 14 1 14 12 3 8 8 2 1 2 11 3 2 5 13 2 13 11 7 14 14 12 3 14 4 11 9 9 2 9 10 ]


----------


