80 3 1.5 S

P: [ 40 8 19 58 82 3 79 1 18 22 86 92 52 11 45 27 76 43 75 99 81 32 8 77 88 13 82 24 61 54 82 98 61 98 56 41 1 33 42 16 53 26 7 5 34 51 31 11 91 4 10 72 35 15 49 21 25 30 43 85 81 25 81 42 22 37 80 22 68 20 36 21 46 42 25 77 90 53 87 81 ]

D: [ 3309 4030 3253 57 3922 5209 1847 2197 2690 4174 5506 240 5253 1101 1816 2809 2999 1904 2893 89 325 4129 1809 4609 5010 3584 1773 1900 4504 1765 5229 3963 1946 4632 4020 2018 4264 2017 4215 1376 2342 4143 3345 3745 1395 5161 976 544 3215 19 2361 3541 4149 4170 4300 5309 3904 495 1632 2830 3989 1283 1215 2085 338 1385 4103 752 5130 2740 3856 1894 3034 1623 1789 579 2935 2765 1123 572 ]

F: [ 2 1 1 2 1 3 1 1 1 3 3 2 2 1 2 1 1 1 3 1 3 2 1 1 1 3 3 1 2 3 2 1 3 1 3 1 3 3 2 1 3 1 1 2 1 3 3 2 1 2 2 1 1 2 1 2 3 3 2 1 3 2 2 3 2 1 3 2 1 1 2 1 1 2 3 2 2 2 1 3 ]

S: [ 0 13 4 
17 0 4 
16 3 0 ]

A: [ 3 8 3 6 2 8 1 7 4 2 4 6 6 8 7 8 3 5 2 5 6 1 5 6 6 5 2 2 7 4 8 8 2 1 4 1 8 4 7 2 3 8 5 6 7 2 2 7 6 3 2 9 3 6 3 6 9 4 7 6 6 5 2 7 3 3 6 1 4 1 9 6 9 4 9 4 3 2 1 8 ]

B: [ 12 3 8 11 1 11 8 1 1 7 2 10 2 14 11 5 3 14 7 11 11 1 12 11 1 8 9 7 13 8 2 10 10 10 4 8 6 12 6 6 2 8 13 1 7 10 5 7 7 10 1 1 8 13 11 8 4 5 12 14 10 14 7 4 9 11 9 12 6 1 2 5 8 14 5 12 7 8 2 12 ]


----------


