80 3 1.5 L

P: [ 71 9 33 96 81 57 81 72 55 23 53 7 37 78 98 76 31 38 67 28 33 92 79 74 67 71 29 20 17 87 98 88 95 31 82 74 87 61 47 40 81 97 46 19 76 44 92 7 79 59 33 12 49 12 84 16 80 13 34 95 98 30 81 91 60 63 66 45 25 13 84 6 10 28 22 85 69 15 90 48 ]

D: [ 4853 4011 3185 2724 3535 2438 1944 3373 2901 5202 2966 1419 5681 4352 4586 5253 2114 912 772 275 4871 2160 2580 1761 2009 6160 1985 5183 2747 3064 4077 6458 444 6120 2551 3980 1927 4495 6210 4828 1924 2545 5104 974 5754 3060 5085 94 2829 4714 5858 6558 5732 1807 1688 1110 1336 2530 6294 2941 5595 2597 2768 6039 2086 4176 2245 4014 897 1824 1068 1678 3226 6173 1510 1206 2602 6595 1301 4288 ]

F: [ 3 1 3 1 1 3 2 2 2 2 2 3 3 2 1 1 1 2 1 1 1 3 3 1 2 1 3 1 2 2 3 2 3 2 3 1 3 1 3 2 2 1 1 3 3 1 1 1 2 1 2 1 3 2 1 3 3 1 1 2 1 3 1 3 3 3 1 2 2 1 3 1 1 3 3 1 1 3 2 1 ]

S: [ 0 78 59 
87 0 82 
52 73 0 ]

A: [ 4 5 8 7 4 6 5 7 7 1 7 5 8 8 8 2 3 9 5 6 7 2 7 8 8 1 5 3 2 4 7 3 8 4 8 9 9 3 6 6 3 3 1 8 9 6 7 9 6 2 5 3 1 2 8 7 3 1 9 2 2 5 5 7 8 3 6 5 5 2 9 5 3 7 1 2 4 7 8 9 ]

B: [ 12 7 1 5 2 7 12 5 3 11 13 10 10 13 8 6 2 3 5 13 7 9 7 4 14 1 14 3 4 3 7 1 8 7 4 7 13 13 11 13 7 7 8 2 4 14 7 5 14 12 2 6 4 8 8 3 7 5 3 10 8 9 9 13 13 10 5 9 8 13 8 1 3 13 14 6 12 5 9 11 ]


----------


