80 3 2.5 L

P: [ 38 62 19 51 63 7 65 5 1 58 21 55 48 52 81 5 23 8 58 88 55 87 1 3 72 43 8 34 35 48 22 72 11 41 21 73 45 86 75 43 42 96 97 87 46 77 91 69 84 47 57 39 32 56 42 4 98 47 35 31 95 56 4 6 94 24 78 38 8 52 80 49 48 76 34 93 53 23 60 37 ]

D: [ 3493 8069 9381 3556 8184 1804 3078 7853 3676 8990 9542 5009 6626 894 4367 7049 739 1608 4582 7885 8812 90 7045 3511 4502 3540 8716 6035 3485 311 9030 6979 8966 9326 1450 8065 1460 5115 6834 5722 4434 7291 1646 1975 8185 6013 9611 9510 7621 4522 7724 6763 5198 5099 603 615 9225 234 6650 3039 1132 6595 933 427 6251 2970 8493 8297 8085 6242 4348 2848 3862 5994 4824 2376 2922 4764 2215 872 ]

F: [ 1 3 3 1 1 2 1 2 1 2 3 2 1 1 3 1 3 1 3 3 1 3 1 2 3 3 3 2 2 1 2 3 1 1 1 1 3 2 2 1 3 3 3 1 1 2 1 3 2 2 3 2 2 1 1 2 1 3 1 3 2 2 3 2 1 1 3 3 3 2 3 2 1 1 3 1 2 2 1 2 ]

S: [ 0 71 80 
90 0 63 
75 94 0 ]

A: [ 3 5 4 8 8 9 3 8 8 6 6 5 9 2 1 3 5 2 1 1 3 6 6 5 5 2 5 2 7 9 9 7 4 4 5 1 1 6 6 8 2 2 1 8 4 2 9 6 1 9 6 3 3 1 5 7 9 1 9 6 9 8 2 2 9 4 2 1 9 5 6 9 6 7 5 7 8 4 3 8 ]

B: [ 12 4 8 9 1 14 10 11 8 9 13 8 5 13 8 9 4 2 5 5 12 7 13 3 11 12 13 7 6 2 8 1 3 2 9 3 13 2 13 4 10 9 11 13 7 5 5 11 4 7 13 14 13 11 2 10 6 12 14 11 11 8 9 13 7 4 13 3 3 10 6 13 4 2 9 11 4 13 5 6 ]


----------


