80 3 0.5 S

P: [ 56 69 51 74 53 95 90 68 42 42 63 87 41 96 41 69 4 53 60 24 99 8 72 72 43 44 8 99 67 4 37 23 73 87 94 24 82 85 92 24 27 53 9 65 49 50 34 52 1 94 74 99 99 46 71 40 87 77 37 54 80 73 77 51 60 69 75 40 54 65 62 78 16 70 44 64 20 75 14 21 ]

D: [ 1794 2118 284 855 358 164 1038 871 156 1951 1392 857 556 2207 1173 1949 155 588 1383 1361 484 2158 792 224 1088 389 1731 601 1778 1882 1639 235 663 857 1090 2225 1021 2129 825 110 742 1151 2171 1298 20 1073 2180 175 1661 1293 470 1078 113 195 1302 134 584 1966 736 1295 511 1308 1530 1174 2165 350 1128 2119 1412 887 2229 2154 971 2130 114 991 2136 24 1167 460 ]

F: [ 2 1 1 1 2 3 1 2 1 3 1 2 3 2 3 3 2 2 2 1 2 3 1 1 1 1 2 2 2 3 3 3 3 1 2 2 3 2 3 1 1 1 3 1 3 3 1 1 2 3 1 3 3 2 3 3 3 2 1 2 1 2 2 2 3 3 3 3 2 1 3 3 1 2 1 3 3 2 1 1 ]

S: [ 0 19 7 
20 0 6 
3 5 0 ]

A: [ 9 9 2 5 7 7 6 7 6 3 7 9 5 9 9 1 5 9 1 9 6 4 2 3 4 5 7 2 6 7 9 5 7 8 7 2 5 1 6 8 3 4 8 7 3 7 6 5 5 4 5 1 7 4 2 8 8 6 1 2 2 7 5 8 5 2 7 8 1 4 6 3 5 4 8 5 2 2 9 6 ]

B: [ 14 6 7 2 13 12 10 10 2 6 13 8 8 6 4 7 2 6 6 4 5 4 14 1 13 9 7 4 14 9 10 11 14 2 12 11 12 6 4 13 9 14 4 3 6 7 9 5 10 14 6 13 1 5 13 13 12 4 14 9 12 9 4 9 9 13 3 4 4 6 2 13 4 3 13 9 9 5 11 4 ]


----------


