80 3 0.5 M

P: [ 66 25 60 47 61 26 11 84 24 56 19 22 14 24 96 58 87 29 22 97 95 74 39 46 52 95 3 33 40 58 24 6 80 82 50 42 8 58 24 31 13 40 50 26 63 46 83 49 74 5 46 70 76 84 14 28 77 17 58 17 72 79 20 53 61 69 92 66 26 14 96 38 54 44 63 17 90 44 63 62 ]

D: [ 1043 504 54 812 96 128 1869 520 1389 788 112 1663 1438 1169 720 378 983 1699 1160 1379 859 883 1209 660 1467 161 868 1712 461 1515 65 1504 55 1207 1440 1240 459 469 884 1848 381 997 672 1819 1290 1392 233 309 1128 1394 1688 1111 1401 933 1771 28 218 1763 1741 679 1314 930 1307 494 1261 1871 858 1721 376 1742 729 757 1863 1401 1701 1190 830 1058 1499 1082 ]

F: [ 1 3 2 1 2 3 3 3 2 1 2 1 2 1 3 1 1 3 3 1 2 1 3 2 1 1 3 3 3 3 3 3 3 2 2 3 1 2 2 1 2 3 2 3 1 1 1 2 1 1 2 2 2 2 1 2 1 3 2 3 3 2 3 3 1 1 2 2 2 1 3 3 2 1 3 2 2 1 1 3 ]

S: [ 0 73 80 
59 0 53 
79 65 0 ]

A: [ 8 5 3 7 7 9 3 7 2 1 2 2 8 1 3 8 4 1 3 7 4 8 7 8 7 6 5 9 6 6 9 5 8 9 9 3 8 2 9 7 9 8 6 8 9 7 4 1 5 6 7 8 4 3 5 9 6 9 6 3 3 3 5 8 2 4 1 7 4 7 3 3 6 6 8 3 3 2 3 8 ]

B: [ 12 12 5 12 7 4 2 3 12 13 3 8 12 1 14 9 12 9 1 1 6 1 6 12 10 1 9 10 8 5 1 5 14 4 14 7 7 2 7 5 14 9 12 9 7 10 1 4 4 2 3 7 2 8 4 9 6 10 5 11 12 5 1 12 6 13 2 13 14 8 1 11 14 10 3 6 5 4 7 9 ]


----------


