80 4 3.5 L

P: [ 61 11 66 99 9 65 83 92 51 98 8 81 63 51 24 46 95 73 4 95 88 93 18 27 21 43 37 36 64 5 24 23 13 89 23 21 53 4 13 2 99 18 82 62 66 4 8 61 74 10 55 62 3 70 87 24 13 24 59 74 28 80 97 40 68 18 59 21 19 71 20 18 87 2 79 53 3 84 13 76 ]

D: [ 887 7364 730 9775 12627 12393 7326 12519 9030 4004 1041 9834 5372 426 12944 2053 4484 2513 9185 1940 8062 2092 11607 4281 7006 9391 829 11433 9412 2236 2975 5517 9600 12094 10510 9057 11316 4665 3623 2393 3887 4664 7445 9260 309 2436 6531 4793 4950 2546 1952 8230 4638 388 12511 6863 9780 8558 5125 1239 10795 3318 6756 7224 10630 4096 11499 8775 3979 1951 6386 7867 1834 9049 12345 2143 11486 5705 2154 11654 ]

F: [ 2 3 1 1 1 3 1 1 4 3 1 1 4 3 1 3 4 2 4 4 3 1 2 2 2 2 3 3 4 1 1 2 4 1 2 4 3 2 4 2 4 4 3 3 2 3 2 2 4 1 1 2 1 2 3 2 3 1 4 2 2 4 3 1 4 4 4 2 1 3 4 1 2 2 3 3 4 4 4 3 ]

S: [ 0 72 83 69 
100 0 66 56 
84 86 0 53 
66 91 55 0 ]

A: [ 4 5 5 9 7 8 1 7 3 2 2 4 5 9 9 7 6 7 5 5 6 9 7 8 2 8 4 5 8 3 6 1 6 8 9 3 6 7 7 6 9 9 9 2 6 9 7 2 4 2 6 9 8 1 5 7 7 7 3 3 9 6 3 5 5 9 5 8 7 3 5 4 9 2 3 5 8 9 4 2 ]

B: [ 11 4 12 12 1 6 7 14 11 10 12 3 13 4 7 7 2 5 5 4 14 5 13 5 3 14 3 7 7 14 3 1 3 14 13 4 6 3 1 2 10 10 2 8 14 7 13 13 9 3 14 6 7 12 10 7 9 10 13 13 9 2 14 10 13 10 11 2 10 11 2 5 7 1 10 4 5 8 14 13 ]


----------


