80 4 3.5 M

P: [ 34 18 76 69 18 1 45 69 2 40 92 95 21 13 41 13 21 4 78 48 70 81 95 84 11 67 14 23 66 24 89 98 39 64 67 56 62 12 23 63 50 15 56 70 25 95 80 44 98 58 89 68 40 84 50 50 49 63 72 14 84 59 12 23 21 78 76 81 87 98 42 37 11 98 5 33 93 84 74 89 ]

D: [ 9297 5231 13154 12590 3777 8867 6474 8185 3254 10466 10439 7222 1868 13985 8503 3471 2624 1915 4852 2131 5672 3829 786 8020 10424 1625 6760 11786 2505 11080 14552 11802 1397 12792 7604 3300 4871 12204 11486 8125 5882 5137 13473 7751 2335 7062 11222 4959 7103 1160 5216 10901 3115 6003 2133 11666 7628 8894 8538 8259 5060 6303 5148 4583 2307 10878 7884 7179 8169 2582 390 14051 7719 13864 5014 10054 4138 14362 13140 9368 ]

F: [ 3 1 2 1 2 4 1 4 4 1 2 4 2 2 1 2 2 1 3 1 1 1 1 3 1 3 3 4 2 1 4 4 2 1 4 3 4 4 3 3 1 4 2 2 1 3 3 2 3 1 3 4 2 3 2 2 1 4 1 2 1 4 2 2 1 1 4 4 1 2 3 1 1 4 2 1 2 1 3 1 ]

S: [ 0 61 57 83 
72 0 56 56 
100 56 0 76 
94 69 80 0 ]

A: [ 7 4 2 7 1 5 1 8 6 2 5 4 5 5 1 1 7 8 4 6 2 4 4 8 4 1 6 9 9 9 9 6 3 9 3 1 4 2 9 9 3 2 1 5 6 2 6 1 9 7 7 9 2 8 7 5 6 3 2 5 2 2 2 2 1 2 3 2 3 9 1 6 1 9 8 5 1 4 5 7 ]

B: [ 2 11 1 4 14 13 4 1 3 5 10 3 3 3 6 13 3 5 13 8 9 8 13 10 3 10 14 2 8 6 6 9 3 6 10 14 4 11 1 5 1 8 5 1 10 8 11 10 13 9 1 7 3 13 14 3 9 11 5 2 3 10 10 3 13 5 14 3 1 12 5 14 5 7 14 12 14 11 8 10 ]


----------


