80 4 2.5 M

P: [ 83 23 48 21 39 5 25 85 18 96 11 88 91 27 44 8 78 49 24 53 45 82 59 54 58 63 80 70 34 54 42 15 74 87 35 13 92 58 95 8 54 5 96 45 31 38 52 8 87 75 58 32 55 17 83 12 77 64 81 9 16 21 22 89 8 56 1 97 12 93 4 65 97 97 10 27 35 59 32 22 ]

D: [ 4277 7315 2295 4728 3259 5413 8237 1531 5650 9239 8194 3784 1614 3738 6533 2642 5101 888 7885 7948 1475 5072 8475 7939 7234 2960 1286 8566 5868 1658 9312 3642 8973 5104 1867 2541 4014 3601 7260 9665 3149 8951 6946 4763 6187 6976 903 4785 7864 8788 3042 2837 7357 1826 4273 4900 7975 5559 6963 7340 7217 6584 1291 9687 5185 3159 5725 9200 6760 3294 9174 219 2554 9617 8170 2238 6903 9073 7023 5076 ]

F: [ 3 1 3 4 2 2 3 3 4 3 4 4 1 4 2 2 3 2 2 1 2 3 4 3 2 4 4 3 4 1 1 3 1 3 2 2 1 1 1 4 3 4 4 3 3 1 4 1 3 1 2 4 3 1 2 1 4 2 3 4 2 3 2 2 2 3 3 2 3 3 1 1 3 4 4 1 1 3 2 3 ]

S: [ 0 89 75 99 
79 0 83 90 
100 58 0 55 
66 99 73 0 ]

A: [ 9 2 3 9 2 6 7 9 8 9 1 7 8 2 3 8 6 4 8 8 8 7 4 2 2 7 6 3 4 7 1 3 8 1 1 7 6 7 6 2 4 7 6 3 6 9 1 2 3 7 7 2 2 2 3 3 8 6 5 9 3 3 9 1 3 7 7 8 3 2 1 6 8 6 8 2 5 7 4 8 ]

B: [ 10 1 9 4 3 1 11 6 4 11 14 1 11 10 2 5 2 7 13 6 10 7 9 12 14 10 14 4 5 6 13 14 6 7 1 7 5 11 10 8 5 10 6 1 3 7 3 4 12 14 10 5 6 2 3 3 11 14 7 2 5 3 13 8 8 14 14 10 8 10 2 13 3 7 11 5 12 14 6 7 ]


----------


