80 4 0.5 L

P: [ 66 28 60 45 23 90 23 56 47 86 67 17 21 67 44 29 75 1 16 5 93 45 78 37 62 37 83 23 28 16 71 93 43 32 37 63 20 59 19 66 45 83 81 65 51 25 91 26 23 5 30 17 49 8 53 11 43 36 32 68 51 3 60 94 32 96 57 50 55 74 14 99 57 94 64 8 19 53 32 40 ]

D: [ 1687 869 1084 1367 1174 1079 1564 1232 891 214 126 420 952 1219 1034 889 593 223 1854 1866 704 531 387 1161 600 48 362 414 1697 1423 956 267 409 806 1634 349 651 1316 1581 1542 296 474 80 1248 1693 1763 255 404 752 875 387 1456 172 1424 735 1422 1472 1746 1836 53 1286 1558 320 461 1130 721 811 1781 803 1158 1441 1099 1632 1521 465 1443 167 1369 1847 920 ]

F: [ 4 4 2 2 2 4 2 4 3 4 2 1 2 1 1 2 4 1 3 3 4 2 3 1 1 1 4 1 2 4 1 1 3 2 2 1 2 3 4 4 2 1 1 3 1 1 4 1 1 3 3 4 4 1 4 1 1 3 1 2 2 1 3 1 2 4 1 3 3 4 3 4 4 3 3 4 3 2 4 3 ]

S: [ 0 64 54 57 
78 0 70 67 
67 93 0 56 
83 88 60 0 ]

A: [ 4 9 9 4 4 6 5 7 4 9 2 2 2 6 6 5 1 5 9 3 6 7 7 7 2 5 8 6 5 7 9 6 4 6 1 7 2 3 2 5 2 4 4 1 7 9 5 5 2 2 8 7 8 5 3 8 8 8 4 3 5 3 7 7 6 7 2 7 9 4 9 8 5 1 8 2 9 1 7 9 ]

B: [ 5 1 12 13 11 4 11 12 10 14 5 9 11 14 11 1 8 2 11 8 1 9 3 14 10 6 14 3 6 7 11 8 7 6 6 2 8 1 13 3 14 3 9 9 14 6 9 5 7 6 12 5 12 14 2 8 5 13 10 8 6 4 1 12 7 7 13 14 7 12 14 6 12 9 12 10 12 7 14 2 ]


----------


