80 4 0.5 M

P: [ 43 27 21 10 9 63 33 34 46 55 85 89 62 43 24 74 17 17 13 84 88 77 73 80 99 91 51 73 68 89 67 9 16 85 19 22 48 49 56 93 5 41 80 64 81 4 38 95 18 48 79 7 25 50 84 24 42 35 95 8 22 60 16 38 45 32 59 90 81 13 81 85 52 61 47 31 62 84 27 77 ]

D: [ 1559 891 944 797 350 713 139 172 897 674 1325 1939 1349 1615 1643 368 808 1014 1705 1070 1471 1349 665 339 1184 1009 236 1459 1224 1522 656 738 1896 1083 1018 201 1796 639 373 648 1313 1180 542 617 232 1667 467 1040 119 127 1592 1590 1476 212 1411 615 703 1647 29 1410 607 167 1630 1985 1250 85 141 1001 724 2041 1132 1519 1176 1156 91 890 779 558 1931 380 ]

F: [ 1 4 1 3 1 1 1 3 4 3 3 4 1 4 2 1 4 1 3 2 1 3 4 1 4 1 4 3 3 1 1 4 4 1 2 4 1 3 3 1 1 1 4 1 4 2 2 4 2 4 1 3 2 4 3 1 4 2 4 3 2 4 2 2 1 3 1 1 1 3 1 2 4 1 2 3 2 3 2 3 ]

S: [ 0 85 63 88 
94 0 100 89 
54 76 0 73 
94 93 73 0 ]

A: [ 9 3 2 5 4 2 4 3 8 6 5 5 3 3 6 1 8 9 7 1 9 8 8 2 8 6 1 7 4 8 5 2 2 4 4 3 3 5 5 1 2 1 3 2 1 7 3 8 6 7 8 3 3 7 5 2 1 3 8 5 1 1 4 2 2 5 4 2 1 7 3 9 5 3 8 5 9 1 3 3 ]

B: [ 6 13 4 1 12 14 3 3 2 11 1 4 1 7 7 6 7 5 9 8 8 1 11 13 3 8 13 13 12 6 8 3 2 9 3 11 8 3 13 9 13 14 10 13 6 2 2 10 7 9 1 12 9 11 11 11 3 7 8 12 12 13 14 13 7 1 9 14 3 8 6 2 5 1 12 10 1 12 4 5 ]


----------


