80 4 1.5 L

P: [ 78 45 86 35 81 92 97 95 84 21 1 54 21 27 17 66 89 36 89 99 11 9 95 90 46 61 90 56 38 68 2 16 13 85 49 91 75 46 86 58 65 84 12 85 12 29 49 98 64 38 95 72 45 90 63 88 51 53 44 89 19 43 3 29 28 51 20 3 95 5 60 58 88 70 41 97 98 90 95 60 ]

D: [ 1822 4298 2144 5451 606 6041 5101 1906 6367 5699 67 469 547 1295 6121 2485 4799 1448 4580 6612 791 3312 2790 461 2938 742 2889 1439 2675 4638 4411 6536 4108 1728 5121 6753 2941 3357 1793 4480 4228 3898 4950 4776 365 4205 2433 5164 825 2185 4910 1617 5498 834 2078 3608 3615 139 220 6290 4777 6669 5960 4058 1531 6254 5983 4473 2745 2948 2087 2145 6846 171 2093 345 4376 4527 682 5202 ]

F: [ 3 1 2 1 2 2 4 1 3 2 3 3 1 2 1 3 4 4 2 1 2 3 2 2 3 2 3 3 3 3 1 1 4 2 2 1 3 1 1 2 2 3 4 2 4 4 4 3 3 1 3 4 4 1 1 2 2 3 4 4 2 1 4 1 2 1 1 1 1 1 2 2 3 1 4 3 4 3 1 2 ]

S: [ 0 94 53 66 
67 0 89 96 
99 60 0 100 
98 85 65 0 ]

A: [ 1 3 4 2 2 1 6 7 8 3 7 7 7 1 3 7 2 3 1 4 3 5 8 9 9 9 9 2 1 7 6 1 8 9 2 7 8 5 4 6 7 8 1 2 8 1 8 8 4 6 2 6 1 8 6 9 5 5 9 5 1 5 4 6 2 5 3 9 8 4 4 5 3 2 7 8 3 3 6 6 ]

B: [ 6 13 8 5 10 6 12 5 7 2 2 11 3 2 13 8 1 6 8 14 13 5 4 2 13 7 9 1 5 13 1 8 11 7 13 4 12 10 9 4 9 8 14 9 7 10 2 7 13 7 5 12 11 6 13 10 12 5 8 14 2 7 8 12 13 4 14 8 11 6 12 5 13 9 13 3 3 12 7 1 ]


----------


