80 4 2.5 L

P: [ 51 32 32 73 25 53 25 66 99 88 37 52 69 67 82 94 76 81 39 82 22 69 49 95 37 96 60 68 22 36 10 70 65 40 44 90 92 68 54 90 56 90 40 25 55 22 18 30 2 54 12 21 23 60 17 57 56 74 26 76 8 33 44 73 72 87 61 65 53 13 53 7 1 92 30 55 13 45 84 14 ]

D: [ 6010 9823 3673 831 4924 7769 971 1303 2375 4681 9023 822 9922 1161 6367 4593 8545 2635 4924 3137 7598 234 9618 1241 7445 2832 9222 1769 6584 9798 2761 2301 5736 6434 9832 367 318 510 8370 2693 5192 7100 3515 4821 4669 9883 5821 9621 8925 7153 2465 6231 7387 8490 7472 4539 1029 2808 2715 7613 2314 1883 6321 8050 8318 5860 4824 5043 2778 2902 7736 4377 6409 7658 5605 7485 7248 1133 6813 2288 ]

F: [ 3 2 2 2 3 3 4 3 3 3 3 4 2 4 4 4 1 2 4 1 3 1 3 3 1 2 2 2 3 2 4 1 3 1 2 1 4 2 3 2 4 2 1 1 1 4 1 1 1 4 2 4 1 4 2 1 2 3 2 4 4 2 4 2 2 2 3 1 3 1 2 2 2 2 2 2 1 2 3 2 ]

S: [ 0 63 70 78 
52 0 83 62 
52 92 0 68 
92 85 82 0 ]

A: [ 5 8 4 4 6 6 6 9 6 4 3 2 2 5 3 4 1 4 2 7 6 9 3 8 5 5 8 2 7 9 9 3 7 4 4 1 7 9 9 1 1 9 3 3 5 5 4 5 8 5 9 4 4 2 9 6 6 7 5 3 7 5 3 2 6 6 3 3 4 9 2 4 9 4 6 2 8 9 6 4 ]

B: [ 3 10 12 10 7 12 12 12 4 9 5 11 9 9 13 9 9 10 9 12 7 11 9 3 3 11 6 1 3 5 11 5 14 6 13 6 4 8 1 5 14 3 13 8 11 11 2 6 5 11 3 9 7 9 11 8 6 2 8 8 4 3 10 3 8 8 6 9 14 4 11 13 6 7 7 1 4 6 6 8 ]


----------


