80 4 2.5 S

P: [ 32 46 40 19 14 94 9 40 9 31 31 12 65 66 70 36 42 50 43 13 53 40 14 37 32 3 4 71 18 3 34 47 47 74 66 60 66 74 98 74 3 29 86 67 94 54 1 34 4 44 46 54 81 57 90 13 59 91 81 76 93 16 24 38 87 87 98 53 59 94 25 62 23 9 27 15 62 28 48 63 ]

D: [ 743 141 5792 6380 6026 8900 3547 7032 8696 6843 9253 7938 3409 8605 127 5250 6702 5847 8435 2024 453 8037 1753 3995 9144 1972 8468 3564 1901 8869 7179 8135 5120 3591 5135 7256 3110 4792 4907 2426 2254 890 983 5664 114 6601 1533 2927 8559 6079 1061 9012 845 2814 9118 608 896 8205 4172 2798 3804 1971 1552 8924 1672 2797 6800 4782 7589 7817 3318 463 8707 411 2237 4932 7013 9261 7859 2301 ]

F: [ 1 3 4 4 3 3 2 2 3 2 1 2 1 1 2 2 2 3 2 2 3 2 4 1 4 4 3 4 2 1 1 3 3 4 2 1 3 3 3 1 1 3 2 1 3 3 3 1 2 4 2 4 1 1 4 4 4 3 3 1 3 3 3 2 3 1 2 1 3 4 1 3 3 2 4 1 4 2 1 1 ]

S: [ 0 5 10 4 
5 0 6 4 
17 9 0 18 
11 6 12 0 ]

A: [ 5 3 3 9 8 7 1 7 2 9 2 6 6 8 5 2 2 4 6 7 1 4 5 5 1 7 9 4 4 8 1 8 8 3 5 7 7 5 4 7 4 3 3 7 9 5 9 1 9 3 8 9 6 1 2 5 5 1 8 6 6 6 5 5 7 7 9 4 3 1 8 4 1 2 9 9 4 8 1 3 ]

B: [ 11 9 9 5 7 12 14 8 2 9 2 4 4 11 12 9 2 2 14 7 14 11 11 2 9 1 7 14 14 6 9 10 14 2 13 4 13 10 11 12 4 10 1 8 7 10 2 8 11 13 12 8 10 8 10 4 7 2 3 6 5 10 14 2 11 10 5 9 5 1 4 9 10 5 2 14 14 1 5 11 ]


----------


