80 4 1.5 S

P: [ 95 52 57 16 11 74 5 98 42 57 19 20 63 38 77 43 50 23 19 69 71 72 73 19 14 6 24 88 93 31 99 88 80 56 4 91 28 7 89 67 61 6 87 23 41 62 65 88 84 81 57 54 51 31 72 62 36 93 50 27 24 47 15 5 1 16 95 28 20 82 93 79 85 80 2 25 40 64 13 22 ]

D: [ 5457 5043 3948 5298 3339 4037 2278 5403 2255 2151 1238 1683 4500 4666 2825 878 3442 92 1450 1793 2729 1513 453 2748 4214 807 3841 733 317 4343 1054 5774 3393 5002 5107 739 3075 1421 177 5330 3572 1443 1048 2107 116 3873 2985 3558 3993 4464 5379 729 5977 5832 3506 4227 646 1354 4960 991 5725 49 801 3125 5052 5936 3892 2162 1364 4069 1499 4964 5512 2548 1079 5656 456 4092 3250 4478 ]

F: [ 3 4 2 4 3 4 2 4 3 2 3 4 1 1 4 2 4 3 1 4 2 1 2 1 3 2 4 3 2 3 2 4 2 3 3 4 3 4 4 1 2 2 4 2 2 3 3 1 2 3 4 3 3 2 3 2 3 2 4 4 4 1 4 2 3 2 1 1 2 4 1 3 1 1 4 2 3 2 3 4 ]

S: [ 0 4 18 2 
18 0 3 9 
7 10 0 18 
6 9 18 0 ]

A: [ 5 4 4 9 5 5 9 4 2 2 6 4 1 8 5 4 7 9 8 5 1 9 3 8 3 7 6 3 2 8 5 5 3 8 4 5 3 1 6 4 2 2 6 9 9 8 4 4 7 9 8 5 6 1 3 7 5 8 9 7 7 2 2 7 9 3 9 9 1 5 2 3 6 7 9 3 3 3 6 7 ]

B: [ 2 10 5 8 4 5 12 4 5 4 12 11 9 14 14 13 2 9 10 10 14 9 8 9 6 7 13 1 13 2 4 1 9 7 8 11 11 3 14 1 6 9 10 12 6 7 8 7 14 3 14 13 12 8 6 1 14 4 2 12 4 3 10 10 9 1 6 3 1 3 2 6 11 9 1 14 1 8 6 14 ]


----------


