80 4 1.5 M

P: [ 50 48 9 2 80 74 79 17 11 73 80 40 91 90 11 50 77 73 15 46 65 34 86 40 92 78 79 17 60 20 99 8 65 8 9 45 79 86 59 89 59 38 30 48 28 40 96 3 11 11 48 75 42 35 14 32 11 90 48 70 10 45 78 73 50 84 18 29 70 75 19 28 13 46 75 38 83 69 40 93 ]

D: [ 3988 5269 1611 4898 5130 3702 317 3998 3242 5649 1712 5253 5212 5209 2258 5932 2862 5563 36 98 4604 1524 783 5912 1381 3108 1872 2749 3924 3001 4304 4292 2271 2294 3191 3780 5996 5887 1779 5617 5537 5870 1250 1129 5080 5887 3440 4321 1830 5855 799 435 1380 1582 2726 5140 1069 4598 1890 4994 3978 2573 5665 251 4867 5235 4031 1243 5123 2190 3239 1040 2061 4490 4548 3520 757 1989 1843 2587 ]

F: [ 2 3 3 2 1 3 1 2 2 4 4 4 1 1 3 3 1 1 1 4 1 3 2 2 4 3 3 4 3 3 4 4 1 2 1 2 4 1 3 1 1 2 1 1 2 3 3 2 3 3 1 3 2 3 4 1 1 3 1 3 1 4 3 2 2 3 3 1 4 1 2 4 2 2 4 3 4 2 4 3 ]

S: [ 0 87 56 97 
70 0 82 55 
88 84 0 64 
83 70 90 0 ]

A: [ 3 5 8 8 5 4 8 3 5 1 9 6 4 2 3 9 4 6 3 1 5 8 9 9 6 7 4 7 1 5 9 1 7 7 6 3 2 4 3 4 3 3 8 6 2 8 5 5 4 5 3 6 4 9 5 7 7 7 3 7 9 9 5 7 6 1 7 5 2 9 7 4 9 3 1 2 1 3 4 5 ]

B: [ 6 10 10 12 11 3 10 5 12 13 9 8 7 14 1 10 10 4 2 4 8 6 10 5 10 2 9 1 14 4 12 3 13 5 12 7 5 5 10 2 4 2 8 8 2 8 1 9 10 3 12 3 8 8 5 4 7 14 2 4 1 11 6 11 1 3 3 6 8 12 5 9 12 12 2 13 4 1 7 11 ]


----------


