80 4 3.5 S

P: [ 30 98 31 42 86 26 64 24 16 99 31 31 81 5 53 91 29 96 68 98 18 58 56 29 28 46 56 18 52 5 34 79 2 62 19 87 87 80 11 1 80 39 31 59 43 83 48 69 77 17 65 94 72 22 22 97 65 77 14 15 80 47 92 81 10 11 66 94 91 74 95 71 13 24 30 53 6 76 21 82 ]

D: [ 10405 5949 11120 4180 786 13475 340 7266 202 11573 14285 213 11312 10710 8909 327 5441 2876 7069 5616 13197 2915 838 13914 5400 13825 14451 422 11272 10472 10665 1263 1955 7319 13961 11260 380 14302 4060 9101 5461 12397 3366 10825 8642 6328 11152 8135 9204 3756 13751 1988 723 8641 9954 6123 2052 9939 6545 7377 5945 11263 8640 1953 12634 2188 7265 7067 2024 5377 10220 1537 3308 13586 12363 6002 5448 3101 8189 8705 ]

F: [ 2 1 2 2 2 2 3 1 4 3 2 1 4 4 2 2 2 3 1 4 4 1 4 1 4 3 1 4 2 1 3 4 1 4 1 3 2 3 3 1 1 4 1 4 3 3 2 1 1 2 4 1 3 3 1 2 1 1 1 3 1 4 2 2 3 2 4 4 4 2 4 1 1 1 4 3 3 1 3 3 ]

S: [ 0 19 15 19 
5 0 13 7 
6 10 0 4 
10 12 8 0 ]

A: [ 1 7 9 3 2 4 8 7 2 6 3 3 9 1 2 4 9 4 8 1 8 6 1 5 4 6 1 2 6 9 5 4 6 4 6 5 6 5 2 5 8 3 8 7 3 9 8 9 1 6 1 9 9 8 2 2 5 2 3 1 8 5 4 4 7 8 6 1 3 5 5 1 7 1 5 9 7 3 9 8 ]

B: [ 14 7 4 5 6 3 9 13 1 5 3 7 14 9 5 13 5 12 10 12 10 1 2 1 4 7 11 14 13 4 12 10 8 13 14 12 1 8 10 13 11 13 5 10 5 9 6 9 4 13 4 12 13 5 12 14 11 6 14 7 8 9 2 1 8 2 12 6 7 6 5 1 2 9 10 6 2 13 14 3 ]


----------


