80 4 0.5 S

P: [ 70 35 4 98 35 71 57 66 34 98 88 66 90 26 15 57 76 20 52 32 85 1 38 69 91 62 94 63 35 73 99 5 7 1 1 41 72 57 7 6 55 93 70 46 17 84 1 92 3 52 23 87 51 58 54 42 21 48 3 53 21 1 57 27 1 55 66 70 12 72 74 64 63 44 8 79 28 6 70 28 ]

D: [ 840 1277 806 942 947 715 1431 1406 1147 1622 1629 41 1685 1170 1615 174 1845 1230 432 387 868 73 1027 1315 1419 809 132 1600 327 1011 1348 1167 891 758 210 1838 76 1641 1848 1224 1866 1578 1265 1653 850 1483 430 1298 1317 862 1686 788 1438 1316 204 958 728 336 1161 1055 1849 1113 323 841 1871 1035 1283 48 1279 1232 1774 1247 1413 1642 1503 866 1729 34 266 1649 ]

F: [ 1 3 2 1 2 2 2 2 1 4 2 1 4 1 4 2 4 4 4 3 4 4 4 3 4 1 4 2 2 2 4 3 4 1 3 1 2 4 2 2 4 3 3 3 4 2 1 3 1 4 1 4 3 1 2 2 1 1 3 3 2 2 1 1 2 3 1 4 3 3 1 2 1 3 4 4 4 4 2 4 ]

S: [ 0 11 15 7 
6 0 11 5 
11 19 0 13 
10 1 11 0 ]

A: [ 8 3 4 1 5 5 6 2 8 7 8 5 7 6 7 2 3 7 8 6 9 9 9 1 5 1 3 5 8 4 1 6 5 4 4 7 6 9 8 2 5 4 7 2 9 2 1 2 8 6 6 6 4 5 4 8 5 4 1 1 6 1 7 1 3 8 7 8 8 3 8 1 6 3 2 3 2 9 5 9 ]

B: [ 3 9 6 10 5 9 12 11 8 9 10 5 1 4 4 4 11 6 9 13 2 8 14 2 3 2 12 7 12 4 4 12 10 8 5 12 2 1 6 7 9 2 12 9 5 1 11 13 7 3 11 6 8 10 6 10 11 3 14 7 4 3 4 11 8 7 6 9 7 12 2 1 11 11 7 13 9 1 12 13 ]


----------


