80 5 1.5 S

P: [ 21 92 20 61 85 63 62 97 28 97 88 94 3 70 3 73 54 65 61 80 40 39 14 74 58 97 98 23 9 90 43 30 80 60 88 65 23 48 60 49 45 48 43 46 17 43 19 70 7 77 48 46 15 62 18 72 59 17 94 68 5 35 95 84 92 81 47 16 29 7 62 71 55 5 17 71 46 34 39 50 ]

D: [ 5419 4420 2377 1089 1069 1520 2435 1394 2752 5912 2048 4672 896 4374 2681 3642 295 3739 4017 5618 920 1078 2367 4185 4510 2526 3966 3634 491 3205 3422 435 2149 5800 1524 3218 1844 4725 5377 4596 5161 1185 3027 6058 5559 232 4224 5855 3971 2000 5997 5656 3078 2123 3601 1347 4650 1326 5747 5906 4531 2928 100 439 3252 2390 4422 5096 1639 3559 4216 559 4744 1767 1141 4827 1999 5365 5206 494 ]

F: [ 3 5 3 4 4 4 4 2 1 1 4 3 1 3 2 5 3 2 3 3 2 1 1 1 2 5 1 1 1 4 1 3 3 3 4 3 3 4 2 4 4 5 3 1 4 4 5 2 2 5 1 5 5 1 5 1 1 3 3 1 1 4 5 5 3 5 4 1 3 5 1 3 4 3 4 3 3 3 1 2 ]

S: [ 0 12 6 16 18 
7 0 3 9 14 
15 18 0 16 10 
8 12 16 0 16 
7 4 8 16 0 ]

A: [ 1 4 7 2 7 4 9 7 8 4 8 5 8 1 9 2 6 8 3 8 2 1 9 4 6 1 9 3 9 2 1 7 5 7 9 9 8 6 5 4 1 3 8 6 1 8 7 6 4 9 2 5 7 1 9 3 1 6 6 8 6 4 5 8 8 4 8 6 8 3 9 8 5 6 4 6 4 8 9 5 ]

B: [ 7 10 8 6 3 4 14 4 8 8 3 8 11 12 5 4 10 1 2 13 4 11 4 11 1 5 6 13 4 14 7 10 9 12 13 9 1 12 12 9 4 14 14 14 10 2 4 5 2 3 3 3 11 4 14 9 8 3 5 11 2 12 4 8 9 2 3 8 11 12 2 14 10 13 12 5 1 13 9 14 ]


----------


