80 5 0.5 M

P: [ 33 18 94 35 76 56 11 57 8 99 64 20 14 42 14 94 30 94 38 8 53 3 49 33 16 67 47 53 93 31 94 26 48 89 61 23 43 69 77 48 68 41 66 80 81 79 74 11 73 12 18 25 13 64 57 28 31 2 78 24 30 72 48 75 59 7 97 3 73 75 48 40 14 14 20 94 92 93 4 66 ]

D: [ 550 106 149 795 1458 1380 1341 398 138 1335 90 1104 537 1677 1322 600 1464 420 377 199 450 36 1618 1331 462 1625 818 1319 1533 1751 938 1655 1428 658 511 518 99 1853 488 1747 1249 578 483 1357 316 1376 19 1351 1796 1906 1121 307 1513 372 1210 37 58 1599 927 1163 982 1436 879 471 155 1390 561 1764 875 1049 1143 186 1627 1626 1543 1514 1063 1133 497 492 ]

F: [ 5 5 4 5 4 5 2 3 5 2 3 3 1 4 4 1 1 4 1 2 1 2 1 3 5 2 2 3 2 5 3 1 1 1 5 5 3 4 2 2 2 1 2 3 4 2 5 4 5 3 2 5 4 2 2 4 1 5 3 2 1 5 4 1 5 5 2 4 5 5 3 2 5 4 1 3 5 5 4 4 ]

S: [ 0 60 72 95 81 
95 0 66 99 78 
83 93 0 62 77 
97 88 65 0 57 
77 52 95 72 0 ]

A: [ 2 8 1 2 3 4 9 1 9 4 1 1 2 7 5 5 2 2 3 4 9 6 4 2 4 9 2 3 4 5 4 6 3 4 5 3 5 2 3 5 6 1 3 5 7 7 9 8 6 2 9 3 7 3 4 8 3 3 8 4 8 3 7 8 4 2 2 9 4 2 2 7 1 4 2 7 8 8 4 2 ]

B: [ 4 4 8 10 11 13 9 8 9 8 14 2 9 4 7 14 9 13 5 1 2 14 10 3 13 1 1 1 9 10 5 12 11 10 7 7 8 1 12 2 9 12 2 3 1 8 14 7 4 4 8 3 1 3 6 13 4 4 13 10 13 1 8 9 10 14 14 3 13 11 3 7 6 2 7 4 7 5 11 10 ]


----------


