80 5 3.5 S

P: [ 46 16 36 59 88 31 68 67 69 76 9 4 44 60 39 13 87 26 94 60 22 47 53 91 29 92 92 2 19 24 95 62 39 31 19 25 59 87 92 27 63 98 30 5 59 68 17 46 93 9 4 13 54 56 4 80 48 94 81 65 18 74 27 55 4 44 79 60 31 69 86 91 68 17 93 27 84 8 70 76 ]

D: [ 4949 6267 13047 4408 6463 989 12807 3560 9084 3120 12228 13359 6575 5655 10068 6309 2800 5408 4104 3326 4861 13216 2184 13218 5829 1671 2423 10654 8306 459 4906 13255 6726 12170 11880 7407 7376 10452 10967 10677 7789 3177 9802 8582 3049 14087 656 5850 5260 4760 3393 4339 12194 5578 3322 3788 7249 14198 207 9772 8874 13565 3009 9818 5718 654 2990 13094 5324 8174 9537 7330 5568 13556 1677 8617 13408 10786 232 12886 ]

F: [ 2 4 1 3 4 5 2 5 5 1 3 5 4 2 3 2 4 3 3 5 4 5 5 2 3 5 4 2 1 4 3 4 4 5 2 2 4 5 1 4 5 3 3 3 2 5 4 2 4 4 1 4 3 2 2 1 1 5 4 1 5 1 2 3 5 3 1 5 2 2 3 1 1 2 1 4 3 1 5 3 ]

S: [ 0 4 17 1 4 
16 0 12 1 16 
19 4 0 4 15 
1 10 5 0 12 
4 5 3 20 0 ]

A: [ 9 4 1 5 6 4 1 5 7 6 7 7 2 5 7 3 5 2 9 3 9 1 3 6 8 7 3 2 6 7 7 6 8 5 1 4 9 8 6 6 2 4 3 4 6 8 4 8 9 3 2 7 1 2 1 8 8 4 9 4 8 4 7 6 9 5 7 8 4 4 2 3 7 2 4 1 9 8 8 7 ]

B: [ 11 6 11 11 12 12 7 1 10 4 8 5 1 2 4 13 7 9 11 10 8 13 11 10 5 6 14 12 1 4 2 11 10 10 7 5 8 12 4 1 13 11 4 13 10 7 10 14 13 6 9 6 3 4 13 7 7 12 2 7 14 2 3 7 9 8 11 2 3 14 1 1 8 4 11 2 8 6 1 7 ]


----------


