80 5 0.5 L

P: [ 48 97 48 13 41 95 69 58 29 5 65 58 72 22 30 7 63 35 42 1 31 61 56 17 19 12 92 14 27 88 95 72 85 44 84 25 37 52 82 66 54 47 22 26 66 49 32 30 83 72 30 15 33 86 29 50 95 21 63 20 8 59 91 92 1 74 17 37 26 97 1 77 42 21 3 9 69 33 36 51 ]

D: [ 1570 1603 604 160 1182 1521 1649 455 1629 990 753 916 65 1312 63 1352 305 1454 657 1255 1809 118 1304 1149 424 1016 1445 1707 1156 328 666 863 246 1448 1024 1607 1106 988 199 873 115 953 1789 180 402 1852 1710 885 1622 505 455 1568 801 74 1032 1225 1090 614 1247 384 1120 51 1425 1545 1499 764 1289 921 1753 1666 1794 183 756 1720 542 1336 25 389 536 1825 ]

F: [ 1 4 2 1 5 4 1 4 1 5 2 1 5 4 5 3 5 2 3 1 5 3 1 3 1 5 3 5 5 1 1 5 4 4 3 1 4 3 1 2 2 2 2 1 2 1 1 3 4 3 3 5 1 1 4 3 2 4 2 1 4 4 1 4 2 3 4 1 2 4 4 1 5 2 3 4 2 3 1 2 ]

S: [ 0 83 66 64 75 
65 0 85 98 52 
76 59 0 80 71 
63 67 64 0 97 
83 58 70 77 0 ]

A: [ 2 9 8 9 1 9 2 1 1 9 7 7 3 4 1 9 9 9 5 5 6 2 7 9 9 2 8 3 7 9 8 9 7 5 8 7 4 7 8 2 6 3 9 7 6 9 4 3 7 6 7 3 7 4 1 4 4 6 6 8 5 3 7 9 5 3 7 6 7 3 7 4 5 4 1 9 2 2 2 8 ]

B: [ 3 10 9 14 11 9 14 14 7 13 12 8 8 8 14 7 2 8 10 5 2 11 7 8 11 11 14 3 9 6 10 9 13 3 8 10 11 5 7 2 4 4 7 9 12 4 14 11 12 9 13 11 3 6 2 14 14 1 14 6 5 8 14 3 10 6 10 4 10 3 5 11 6 9 6 1 13 5 11 8 ]


----------


