80 5 0.5 S

P: [ 81 45 12 29 83 72 85 5 64 37 3 89 77 16 20 15 88 41 74 54 26 90 65 35 36 69 1 87 67 78 32 48 21 41 75 2 14 60 7 75 94 9 62 72 24 81 84 10 20 56 63 46 47 26 80 80 92 79 67 57 55 96 6 76 36 80 75 47 38 81 22 30 87 84 2 9 63 83 18 83 ]

D: [ 1173 158 701 596 1585 1453 1890 1335 1810 361 590 1359 1085 647 1425 904 193 1335 941 698 948 1131 1385 206 269 538 1430 1878 891 644 664 586 1395 1957 1182 910 1340 1594 767 1081 1955 1950 370 970 527 317 1874 721 1652 745 2011 1122 1877 1326 1329 668 387 1281 476 1870 1925 1732 386 1250 1619 90 683 890 1684 1450 493 1569 1330 1455 1062 1858 294 866 1101 1946 ]

F: [ 5 3 5 4 2 1 2 1 2 1 1 4 5 4 2 2 4 5 4 3 5 2 4 3 4 1 3 3 3 4 1 4 3 2 2 1 2 5 1 5 5 1 4 5 4 2 3 4 1 1 1 2 4 2 4 2 2 1 1 1 4 1 4 4 3 5 4 1 5 5 3 1 2 3 2 3 4 4 1 1 ]

S: [ 0 14 19 2 4 
10 0 6 10 18 
6 20 0 19 17 
3 9 10 0 7 
9 18 14 15 0 ]

A: [ 3 5 5 3 5 1 2 8 9 6 2 5 4 6 9 4 4 6 7 4 6 8 7 2 4 8 4 9 2 6 6 4 8 9 4 4 7 5 9 6 9 9 1 3 5 8 5 8 2 2 9 7 9 7 7 3 3 1 3 4 4 6 6 3 3 7 6 9 1 3 4 9 2 2 9 6 9 4 4 1 ]

B: [ 4 13 7 12 13 9 8 2 9 5 9 6 7 2 4 10 8 10 8 12 9 9 8 7 11 11 2 14 7 11 5 11 9 9 8 5 1 1 6 9 3 12 12 8 11 1 3 5 8 10 14 1 3 8 7 13 2 6 10 8 2 12 4 8 6 10 12 6 10 2 13 11 11 8 4 8 9 6 12 14 ]


----------


