80 5 3.5 M

P: [ 66 20 87 70 52 43 68 1 42 32 61 86 70 21 96 28 79 75 5 7 66 97 88 24 14 60 42 52 45 1 83 11 18 68 78 69 9 44 67 51 76 26 35 44 45 32 71 24 5 74 29 70 71 17 91 83 74 33 33 18 32 14 26 49 81 3 17 90 46 83 41 20 8 75 64 52 5 33 75 9 ]

D: [ 3071 1915 10870 12083 3379 1763 11887 1780 4062 11813 1031 8212 879 2405 1248 4386 7718 3537 10839 11189 3853 99 2506 841 8195 1673 1894 3808 84 4881 5639 3156 6797 10313 2043 3980 5880 7734 12760 9942 6351 596 11958 7230 10001 7011 5420 11523 10548 3064 9516 1205 10163 5826 2046 12162 1303 10940 9775 1388 2626 2218 4544 3227 6335 391 7207 6019 1929 6771 2766 8280 1171 8528 9314 11172 2343 8538 9499 12892 ]

F: [ 1 5 3 5 3 1 5 2 4 1 1 3 2 3 1 5 1 5 3 3 3 2 5 5 4 5 5 5 3 1 3 4 2 5 5 5 2 4 3 3 5 3 2 1 5 3 3 2 2 5 1 4 1 5 1 1 1 5 5 3 2 2 3 4 4 2 5 5 1 2 4 2 1 1 4 2 3 1 3 1 ]

S: [ 0 79 57 69 83 
69 0 93 65 81 
56 79 0 77 99 
82 75 79 0 55 
94 58 79 60 0 ]

A: [ 4 8 6 7 2 5 6 5 5 3 2 8 1 5 1 1 6 9 8 2 6 6 7 7 9 3 6 8 5 1 6 8 6 9 4 7 4 9 9 7 3 2 3 3 6 3 2 1 1 7 9 4 3 6 1 2 9 4 8 2 4 4 7 1 3 1 5 5 1 5 9 1 6 2 3 9 4 2 7 2 ]

B: [ 9 13 6 5 4 3 2 9 12 9 7 3 2 9 3 6 3 7 14 7 2 11 1 3 5 11 6 2 9 9 11 1 7 1 4 9 3 5 3 1 11 8 1 12 14 3 3 2 7 1 7 7 11 7 9 14 1 12 1 8 7 9 8 13 9 11 5 12 13 8 10 9 13 10 4 12 10 5 11 2 ]


----------


