80 5 1.5 M

P: [ 22 48 67 36 76 24 60 11 98 74 71 9 25 13 91 57 49 46 24 20 11 7 13 8 14 81 29 10 72 10 8 91 55 72 27 29 93 85 39 90 57 8 98 81 20 87 38 66 34 60 83 42 66 93 47 77 74 75 86 44 82 92 36 35 62 60 63 56 45 2 46 2 7 42 82 24 29 19 89 60 ]

D: [ 1182 603 3624 1660 1827 3749 4387 4859 5681 3781 1085 2744 4333 928 878 643 2125 2534 2149 2575 3876 1933 5636 3342 2926 2111 4681 2678 2140 291 5285 3322 1261 3007 5348 3454 1221 3833 2777 1366 2079 3862 4477 510 5156 5721 1519 1380 2354 4034 3955 694 65 4055 4037 3357 264 3182 500 2770 3840 5785 190 5101 3256 5539 3019 4477 3470 5796 308 5549 4123 4785 524 3377 4604 2409 5123 1056 ]

F: [ 4 1 4 2 2 3 1 1 3 4 3 1 5 3 4 5 4 5 1 5 5 5 1 5 5 3 4 3 3 4 5 1 4 5 4 2 4 4 3 1 2 5 4 3 2 4 5 3 1 2 2 2 1 4 1 2 2 4 4 1 4 5 1 3 4 1 4 4 5 1 5 3 2 5 1 4 5 2 1 2 ]

S: [ 0 100 84 69 51 
93 0 94 62 75 
60 100 0 98 77 
67 61 76 0 87 
95 99 59 90 0 ]

A: [ 6 6 3 7 4 7 7 6 6 9 6 2 7 4 6 7 7 5 6 4 2 5 4 6 5 3 1 4 3 3 8 8 8 1 5 9 6 9 6 9 6 9 9 3 3 5 8 9 8 4 1 9 6 5 3 1 7 3 2 7 6 7 5 2 6 8 9 2 5 5 8 2 4 7 4 4 3 9 2 8 ]

B: [ 11 6 13 8 7 3 5 13 13 5 7 8 10 7 4 8 3 14 13 8 14 8 5 1 10 1 10 3 13 9 8 10 1 4 1 7 6 5 4 3 7 10 8 3 2 9 10 2 8 9 8 5 14 12 5 9 10 13 10 9 7 3 2 5 5 2 10 8 4 13 8 11 8 2 13 8 10 8 9 2 ]


----------


