80 5 3.5 L

P: [ 67 13 15 30 4 69 50 7 57 56 36 50 43 14 70 91 78 1 19 63 31 78 60 50 63 47 29 89 18 91 4 84 2 16 12 5 84 62 12 40 16 47 89 58 58 57 50 37 56 66 97 84 43 57 35 6 2 63 95 19 52 96 3 54 12 15 56 94 74 67 34 89 13 21 46 70 78 93 5 32 ]

D: [ 12361 4033 483 2368 3467 2119 12067 5151 1622 5778 2047 12507 8213 12793 3020 401 9133 1978 12851 12120 7289 12326 11516 4079 7368 4548 6298 11378 6017 10937 8745 2518 12233 6490 4887 2578 8610 1094 4991 7494 4134 7038 6879 12347 3972 7162 12748 10367 9140 9740 9366 3307 6206 5022 4649 452 9570 10947 9092 2465 6024 1977 4983 2397 8468 7132 4975 1218 5488 9967 8712 9622 1145 12853 6109 2379 6893 2998 12747 2911 ]

F: [ 2 5 2 2 5 2 3 4 5 2 1 3 2 5 1 2 3 4 2 3 3 2 5 5 4 4 1 5 2 3 2 5 4 5 4 3 1 1 1 2 4 3 5 5 5 5 3 2 5 4 1 5 2 5 1 1 1 1 2 2 4 5 4 4 5 2 2 2 2 4 4 2 4 3 4 3 4 1 1 5 ]

S: [ 0 62 61 78 60 
57 0 63 86 100 
88 76 0 96 63 
68 85 99 0 75 
54 90 60 58 0 ]

A: [ 5 4 3 4 3 2 6 2 4 9 3 3 5 3 2 9 8 8 6 1 4 1 4 6 3 5 1 1 7 7 3 9 9 3 3 2 4 8 4 6 7 4 8 9 4 7 9 2 6 5 2 7 3 3 3 4 6 1 2 1 7 2 9 6 5 2 6 6 7 9 2 2 1 8 1 4 3 7 6 8 ]

B: [ 2 3 9 6 9 11 2 5 14 13 1 14 9 6 1 14 7 5 3 13 1 10 9 14 2 2 13 9 9 2 12 8 2 6 13 10 3 13 12 14 11 10 13 3 1 14 2 7 4 5 3 5 12 9 4 11 11 14 5 3 1 14 10 3 6 6 10 6 2 8 5 13 3 4 13 2 1 1 8 4 ]


----------


