80 5 1.5 L

P: [ 11 19 50 44 18 82 5 89 36 75 37 14 79 53 37 60 49 44 94 66 36 87 48 98 5 58 98 57 82 21 99 91 39 49 33 54 29 37 44 62 10 80 74 89 32 11 47 78 52 39 44 85 25 91 83 29 47 80 85 28 1 82 19 39 30 51 93 56 88 35 17 95 13 90 84 44 1 30 23 50 ]

D: [ 5617 4620 2856 3339 1310 1332 3654 4970 5264 4274 4307 441 1665 2265 53 3013 1337 5662 1425 445 1873 1192 4671 3331 3377 4551 807 5093 3322 1765 1889 2730 176 4745 4416 1486 4424 207 4803 1825 4481 1247 613 6146 3513 666 1296 4850 119 2722 5295 338 3914 2103 3669 5638 445 4476 4522 2113 4587 4758 3190 4764 1640 1397 4596 6064 1604 1536 27 4431 2784 640 4369 88 1306 5665 3284 1425 ]

F: [ 2 2 4 4 4 5 2 3 2 2 5 3 3 4 3 3 4 5 5 4 3 1 2 4 5 3 5 1 3 3 4 5 4 4 3 3 4 4 2 2 2 1 4 5 2 2 4 5 3 3 1 2 1 2 1 5 1 2 3 3 5 1 2 3 5 1 2 3 1 3 1 3 1 4 2 4 2 2 3 4 ]

S: [ 0 61 91 89 61 
91 0 84 83 85 
61 51 0 52 59 
64 58 72 0 66 
98 60 58 82 0 ]

A: [ 8 4 8 1 8 4 5 7 3 8 6 5 2 5 9 9 8 8 3 7 2 7 2 2 5 8 3 7 3 3 1 1 6 8 1 2 1 3 9 3 9 5 7 1 7 7 9 3 3 2 9 5 8 8 4 2 6 6 8 7 8 8 7 3 5 6 4 5 8 1 5 7 3 3 7 9 7 5 2 9 ]

B: [ 11 10 10 11 12 9 7 11 12 5 9 10 3 14 9 3 14 6 3 11 4 7 1 4 11 11 1 10 2 3 8 10 10 1 6 7 10 10 3 7 1 9 14 1 9 7 3 6 10 3 14 13 7 1 14 4 11 1 11 10 3 2 5 12 3 9 2 12 2 3 2 14 11 13 14 3 5 14 7 14 ]


----------


