80 5 2.5 L

P: [ 61 94 33 14 37 68 12 89 52 49 97 94 66 99 39 35 5 3 45 22 97 44 9 50 73 48 81 11 31 93 23 89 87 53 3 25 19 12 12 70 60 8 64 24 7 4 57 10 6 2 31 1 45 39 50 17 84 29 25 15 22 45 4 8 97 5 30 16 16 41 84 74 46 48 97 53 49 54 60 52 ]

D: [ 8357 2993 7685 755 2722 4740 3642 792 2126 1739 5053 4777 6216 7848 8247 2251 3771 125 4607 6625 3793 3887 6456 7535 1788 6429 6023 2474 2455 7600 6022 2254 2035 6115 3009 4757 2298 7617 6516 4424 1764 3011 1609 7980 3267 2264 2639 7039 2389 7247 6072 7149 2576 4936 6126 4364 2807 3591 7805 6228 3599 5269 8483 6600 3792 3900 3766 6090 3926 1724 2923 5690 5701 5498 6079 410 7763 160 8415 2560 ]

F: [ 4 5 4 2 1 3 5 2 4 4 4 4 4 2 5 2 4 3 3 2 3 3 4 2 5 2 3 1 5 5 3 5 4 4 1 2 3 1 3 2 1 3 2 2 5 1 5 3 5 4 4 2 2 2 3 3 1 3 5 5 2 4 4 2 2 2 5 5 2 2 3 4 5 4 5 1 2 1 3 1 ]

S: [ 0 87 62 95 77 
86 0 77 82 76 
64 70 0 63 74 
92 88 60 0 72 
59 67 100 99 0 ]

A: [ 8 3 2 4 3 5 5 1 7 3 3 4 3 3 1 2 9 8 7 3 1 1 3 8 9 6 8 5 9 6 2 5 6 4 8 6 8 1 7 3 1 7 7 3 7 5 4 6 2 8 6 2 7 9 9 6 3 5 2 9 8 1 4 4 4 9 1 9 9 5 1 7 2 5 7 8 9 9 2 1 ]

B: [ 12 10 10 9 5 4 8 10 6 8 10 9 5 9 9 7 4 5 6 10 8 1 2 6 14 14 4 1 13 2 10 9 11 5 3 13 7 8 9 12 13 2 4 2 8 10 6 11 14 9 7 5 10 8 10 9 5 11 7 2 13 3 10 7 5 10 4 11 2 10 6 14 11 8 13 4 3 4 13 1 ]


----------


