80 5 2.5 M

P: [ 29 80 60 58 70 95 65 81 60 77 88 1 45 52 33 15 88 96 28 27 35 40 86 22 56 16 61 33 95 67 1 23 47 58 80 15 53 45 95 14 22 84 12 64 34 42 79 22 39 7 46 73 44 32 92 97 45 53 30 39 21 28 61 65 85 41 80 36 84 73 49 4 57 58 68 90 1 45 11 37 ]

D: [ 9975 9127 2134 4552 2140 351 1153 7332 5270 7573 3885 1324 3496 9894 8044 8726 1275 6446 10045 6740 5102 555 4439 4509 10066 8686 4641 3533 822 1133 4886 696 160 7021 5248 1353 6425 5454 7738 1594 2926 1523 2919 5475 1316 10016 4100 1644 6361 3098 8384 415 3653 1776 3977 3618 361 8619 7152 1184 9752 990 1880 8965 8011 6182 217 4335 588 7956 5930 3515 8532 7902 8043 8901 6870 1096 445 3130 ]

F: [ 5 3 1 1 1 1 1 1 1 1 5 3 4 3 5 2 1 1 4 3 1 5 5 5 2 1 2 3 4 3 2 5 2 2 5 5 4 1 2 1 3 1 4 3 3 5 2 1 5 5 3 1 4 4 5 5 4 3 2 5 5 5 4 4 1 4 3 2 1 4 2 3 4 2 3 3 1 4 3 1 ]

S: [ 0 69 90 93 78 
52 0 82 61 70 
69 93 0 86 100 
65 65 99 0 59 
97 83 67 78 0 ]

A: [ 4 2 4 5 7 9 8 6 7 5 2 4 4 9 2 2 1 9 1 8 3 7 9 9 1 4 8 5 7 1 7 1 9 1 6 6 9 2 9 4 4 8 5 5 7 6 7 8 5 5 4 5 3 1 4 1 5 9 5 2 9 9 9 8 9 3 3 6 4 2 9 8 1 4 3 5 9 7 1 2 ]

B: [ 4 8 9 12 12 10 7 10 8 8 4 10 7 13 5 13 2 10 12 13 5 7 5 12 14 7 12 10 3 3 9 4 8 1 1 4 11 5 13 4 10 1 13 2 11 3 1 12 10 10 10 13 2 14 10 13 5 5 9 5 6 1 8 11 1 6 12 11 10 9 14 3 9 11 5 5 11 5 14 5 ]


----------


