80 5 2.5 S

P: [ 35 78 5 63 61 43 90 86 56 32 76 43 41 96 93 52 50 15 18 36 39 73 35 59 72 38 39 88 59 14 73 91 89 77 54 51 19 44 37 74 74 12 18 13 8 11 64 57 23 81 90 61 54 25 19 24 61 57 10 18 68 83 9 57 58 61 6 74 5 41 49 78 52 64 90 59 74 52 14 97 ]

D: [ 3449 719 2098 5482 6152 2989 5156 3875 6388 392 138 2515 4848 2154 9418 1599 2565 8408 3271 6489 87 4704 885 9171 7172 8006 8417 2724 5093 7545 9407 7447 7169 1342 1670 3158 3236 6826 7033 9624 6123 7171 1977 808 8229 1232 2407 632 8544 4583 6025 8632 8191 6910 7640 5201 3657 4799 6829 8751 2181 4977 4939 9350 5223 5513 1249 8459 1081 8282 7921 7204 4194 8802 6916 2261 8938 8228 1797 7319 ]

F: [ 5 5 5 3 2 2 2 4 3 1 1 2 2 5 2 2 2 3 4 5 2 4 5 2 1 1 2 1 3 1 3 4 5 2 1 4 3 5 2 2 5 2 4 4 3 5 5 1 2 5 1 3 4 5 2 4 2 3 2 1 1 1 4 2 4 2 5 2 3 1 3 2 4 1 5 3 2 1 4 4 ]

S: [ 0 6 19 3 6 
10 0 14 11 2 
14 9 0 12 6 
14 3 17 0 8 
19 12 11 11 0 ]

A: [ 6 6 2 8 3 9 5 2 5 1 8 7 6 9 5 9 9 3 5 9 4 3 5 7 9 2 4 8 1 4 6 4 9 6 2 9 5 7 2 7 7 9 5 2 8 9 1 8 9 3 5 4 5 8 1 5 9 2 1 9 3 7 3 9 1 3 9 5 9 1 2 6 9 6 5 6 4 3 2 3 ]

B: [ 8 14 13 1 1 3 5 10 7 12 12 9 13 12 13 8 10 7 13 5 11 5 2 4 2 10 5 14 10 3 14 2 3 10 2 1 11 6 11 3 1 6 12 12 1 10 5 10 14 2 12 10 6 12 13 5 7 2 5 14 4 2 1 4 11 14 5 7 3 13 8 4 4 5 1 3 12 3 12 11 ]


----------


